  3.8760511E-05  3.8219991E-05
  3.8719863E-05  3.7641785E-05
  3.8682709E-05  3.7120135E-05
  3.8645612E-05  3.6605685E-05
  3.8608519E-05  3.6098238E-05
  3.8571459E-05  3.5597594E-05
  3.8534425E-05  3.5103814E-05
  3.8497448E-05  3.4616620E-05
  3.8460475E-05  3.4136148E-05
  3.8423557E-05  3.3662272E-05
  3.8777947E-05  3.8470662E-05
  3.8386657E-05  3.3194716E-05
  3.8737307E-05  3.7888829E-05
  3.8349801E-05  3.2733551E-05
  3.8700135E-05  3.7363883E-05
  3.8312948E-05  3.2278651E-05
  3.8663005E-05  3.6846090E-05
  3.8276154E-05  3.1830001E-05
  3.8625894E-05  3.6335314E-05
  3.8239385E-05  3.1387517E-05
  3.8588820E-05  3.5831341E-05
  3.8202626E-05  3.0950949E-05
  3.8551796E-05  3.5334397E-05
  3.8165923E-05  3.0520350E-05
  3.8514780E-05  3.4844194E-05
  3.8129227E-05  3.0095545E-05
  3.8477796E-05  3.4360637E-05
  3.8092585E-05  2.9676588E-05
  3.8440859E-05  3.3883534E-05
  3.8055965E-05  2.9263398E-05
  3.8403949E-05  3.3412944E-05
  3.8019381E-05  2.8855897E-05
  3.8367074E-05  3.2948890E-05
  3.7982827E-05  2.8453884E-05
  3.8330210E-05  3.2491138E-05
  3.7946302E-05  2.8057348E-05
  3.8293401E-05  3.2039501E-05
  3.7909806E-05  2.7666216E-05
  3.8256600E-05  3.1594107E-05
  3.7873331E-05  2.7280330E-05
  3.8219845E-05  3.1154697E-05
  3.7836897E-05  2.6899854E-05
  3.8183127E-05  3.0721400E-05
  3.7800513E-05  2.6524567E-05
  3.8146420E-05  3.0293862E-05
  3.7764141E-05  2.6154459E-05
  3.8109760E-05  2.9872275E-05
  3.7727816E-05  2.5789344E-05
  3.8073129E-05  2.9456329E-05
  3.7691501E-05  2.5429217E-05
  3.8036509E-05  2.9046078E-05
  3.7655220E-05  2.5074007E-05
  3.7999940E-05  2.8641478E-05
  3.7618989E-05  2.4723649E-05
  3.7963400E-05  2.8242390E-05
  3.7582766E-05  2.4378191E-05
  3.7926893E-05  2.7848802E-05
  3.7546593E-05  2.4037450E-05
  3.7890426E-05  2.7460517E-05
  3.7510301E-05  2.3699913E-05
  3.7853973E-05  2.7077529E-05
  3.7473521E-05  2.3362496E-05
  3.7817557E-05  2.6699763E-05
  3.7436304E-05  2.3025385E-05
  3.7781167E-05  2.6327212E-05
  3.7398582E-05  2.2688477E-05
  3.7744830E-05  2.5959742E-05
  3.7360402E-05  2.2351885E-05
  3.7708505E-05  2.5597346E-05
  3.7321723E-05  2.2015742E-05
  3.7672227E-05  2.5239899E-05
  3.7282563E-05  2.1680034E-05
  3.7635964E-05  2.4887335E-05
  3.7242906E-05  2.1344853E-05
  3.7599748E-05  2.4539533E-05
  3.7202732E-05  2.1010264E-05
  3.7563539E-05  2.4196537E-05
  3.7162044E-05  2.0676332E-05
  3.7527381E-05  2.3858234E-05
  3.7120859E-05  2.0343150E-05
  3.7490823E-05  2.3520732E-05
  3.7453807E-05  2.3183475E-05
  3.7416325E-05  2.2846461E-05
  3.7378366E-05  2.2509701E-05
  3.7339927E-05  2.2173375E-05
  3.7301008E-05  2.1837472E-05
  3.7261569E-05  2.1502026E-05
  3.7221631E-05  2.1167158E-05
  3.7181202E-05  2.0832882E-05
  3.7140253E-05  2.0499385E-05
  3.7098773E-05  2.0166619E-05
  4.8404876E-05  4.7670979E-05
  4.8349233E-05  4.6810710E-05
  4.8292874E-05  4.5954061E-05
  4.8235794E-05  4.5101198E-05
  4.8177975E-05  4.4252360E-05
  4.8119393E-05  4.3407577E-05
  4.8060076E-05  4.2567237E-05
  4.8000002E-05  4.1731299E-05
  4.7939142E-05  4.0900231E-05
  4.7877504E-05  4.0074054E-05
  4.8430735E-05  4.8075923E-05
  4.7815087E-05  3.9252966E-05
  4.8375437E-05  4.7213947E-05
  4.7751844E-05  3.8437269E-05
  4.8319420E-05  4.6355613E-05
  4.7687801E-05  3.7627073E-05
  4.8262660E-05  4.5500994E-05
  4.7622911E-05  3.6822512E-05
  4.8205187E-05  4.4650173E-05
  4.7557198E-05  3.6023881E-05
  4.8146976E-05  4.3803469E-05
  4.7490652E-05  3.5231467E-05
  4.8088001E-05  4.2961034E-05
  4.7423266E-05  3.4445173E-05
  4.8028294E-05  4.2123043E-05
  4.7354988E-05  3.3665379E-05
  4.7967802E-05  4.1289753E-05
  4.7285837E-05  3.2892214E-05
  4.7906524E-05  4.0461127E-05
  4.7215799E-05  3.2125874E-05
  4.7844474E-05  3.9637638E-05
  4.7781617E-05  3.8819442E-05
  4.7717964E-05  3.8006616E-05
  4.7653488E-05  3.7199454E-05
  4.7588164E-05  3.6398080E-05
  4.7521997E-05  3.5602672E-05
  4.7454992E-05  3.4813409E-05
  4.7387148E-05  3.4030618E-05
  4.7318390E-05  3.3254364E-05
  4.7248795E-05  3.2484826E-05
  6.0739218E-05  6.0670292E-05
  6.0642451E-05  5.9000260E-05
  6.0544447E-05  5.7352263E-05
  6.0445123E-05  5.5726254E-05
  6.0344526E-05  5.4122920E-05
  6.0242583E-05  5.2542346E-05
  6.0139311E-05  5.0985091E-05
  6.0688020E-05  5.9781320E-05
  6.0590595E-05  5.8122991E-05
  6.0491890E-05  5.6486660E-05
  6.0391900E-05  5.4872537E-05
  6.0290600E-05  5.3281361E-05
  6.0187966E-05  5.1713214E-05
  6.0083974E-05  5.0168303E-05
  3.8785674E-05  3.8582210E-05
  3.8748953E-05  3.8054717E-05
  3.8715367E-05  3.7578189E-05
  3.8681806E-05  3.7107380E-05
  3.8648279E-05  3.6642519E-05
  3.8614766E-05  3.6183275E-05
  3.8581282E-05  3.5729630E-05
  3.8547820E-05  3.5281599E-05
  3.8514383E-05  3.4839068E-05
  3.8480972E-05  3.4401899E-05
  3.8447608E-05  3.3970216E-05
  3.8414251E-05  3.3543769E-05
  3.8380924E-05  3.3122633E-05
  3.8347633E-05  3.2706645E-05
  3.8314349E-05  3.2295840E-05
  3.8281105E-05  3.1890027E-05
  3.8247868E-05  3.1489173E-05
  3.8214657E-05  3.1093321E-05
  3.8181493E-05  3.0702347E-05
  3.8148333E-05  3.0316056E-05
  3.8115217E-05  2.9934658E-05
  3.8082104E-05  2.9557928E-05
  3.8049038E-05  2.9185841E-05
  3.8015976E-05  2.8818282E-05
  3.7982958E-05  2.8455384E-05
  3.7949965E-05  2.8096900E-05
  3.7916998E-05  2.7742841E-05
  3.7884041E-05  2.7393093E-05
  3.7851121E-05  2.7047727E-05
  3.7818227E-05  2.6706623E-05
  3.7785354E-05  2.6369795E-05
  3.7752510E-05  2.6037073E-05
  3.7719688E-05  2.5708518E-05
  3.7686892E-05  2.5383970E-05
  3.7654143E-05  2.5063493E-05
  3.7621401E-05  2.4746871E-05
  3.7588678E-05  2.4434277E-05
  3.7555976E-05  2.4125471E-05
  3.7523303E-05  2.3820332E-05
  3.7490223E-05  2.3515309E-05
  3.7456783E-05  2.3210396E-05
  3.7422964E-05  2.2905711E-05
  3.7388741E-05  2.2601256E-05
  3.7354141E-05  2.2297078E-05
  3.7319118E-05  2.1993201E-05
  3.7283695E-05  2.1689773E-05
  3.7247875E-05  2.1386704E-05
  3.7211637E-05  2.1084121E-05
  3.7174985E-05  2.0782074E-05
  3.7137917E-05  2.0480598E-05
  3.7100432E-05  2.0179798E-05
  4.8446494E-05  4.8324124E-05
  4.8396709E-05  4.7543959E-05
  4.8346355E-05  4.6766687E-05
  4.8295402E-05  4.5992270E-05
  4.8243863E-05  4.5220950E-05
  4.8191698E-05  4.4452750E-05
  4.8138976E-05  4.3688146E-05
  4.8085611E-05  4.2926848E-05
  4.8031608E-05  4.2169275E-05
  4.7977021E-05  4.1415613E-05
  4.7921774E-05  4.0665727E-05
  4.7865891E-05  3.9919953E-05
  4.7809328E-05  3.9178307E-05
  4.7752157E-05  3.8441234E-05
  4.7694288E-05  3.7708465E-05
  4.7635760E-05  3.6980320E-05
  4.7576534E-05  3.6257163E-05
  4.7516634E-05  3.5538778E-05
  4.7456040E-05  3.4825567E-05
  4.7394755E-05  3.4117526E-05
  4.7332716E-05  3.3414854E-05
  4.7270009E-05  3.2717599E-05
  4.7206544E-05  3.2025997E-05
  6.0700397E-05  5.9995087E-05
  6.0612518E-05  5.8492515E-05
  6.0523613E-05  5.7007786E-05
  6.0433656E-05  5.5541172E-05
  6.0342623E-05  5.4093034E-05
  6.0250510E-05  5.2663690E-05
  6.0157297E-05  5.1253261E-05
  6.0063019E-05  4.9862094E-05
  7.6441218E-05  7.6375167E-05
  7.6431461E-05  7.6183118E-05
  7.6444267E-05  7.6435652E-05
  6.0101429E-05  5.0424755E-05
  6.0185841E-05  5.1681483E-05
  6.0271876E-05  5.2992160E-05
  6.0070572E-05  4.9972423E-05
  6.0359529E-05  5.4359527E-05
  6.0154111E-05  5.1205621E-05
  6.0448838E-05  5.5786306E-05
  6.0239265E-05  5.2491549E-05
  6.0539820E-05  5.7275742E-05
  6.0326005E-05  5.3832697E-05
  6.0632501E-05  5.8830978E-05
  6.0414408E-05  5.5232060E-05
  6.0726892E-05  6.0455379E-05
  6.0504470E-05  5.6692508E-05
  6.0596169E-05  5.8216876E-05
  6.0689632E-05  5.9808695E-05
  6.0045317E-05  4.9605125E-05
  6.0116385E-05  5.0645311E-05
  6.0188744E-05  5.1724914E-05
  6.0262366E-05  5.2845800E-05
  6.0337330E-05  5.4009834E-05
  6.0413564E-05  5.5218719E-05
  6.0491147E-05  5.6474386E-05
  6.0570077E-05  5.7779209E-05
  6.0650356E-05  5.9135222E-05
  4.7208192E-05  3.2043758E-05
  6.0732051E-05  6.0544924E-05
  4.7317084E-05  3.3239579E-05
  4.7427853E-05  3.4498240E-05
  4.7540529E-05  3.5823708E-05
  4.7269434E-05  3.2711312E-05
  4.7655118E-05  3.7219921E-05
  4.7379071E-05  3.3938562E-05
  4.7771668E-05  3.8691360E-05
  4.7490576E-05  3.5230307E-05
  4.7890175E-05  4.0242703E-05
  4.7603982E-05  3.6590733E-05
  4.8010708E-05  4.1879142E-05
  4.7719335E-05  3.8023940E-05
  4.8133235E-05  4.3605676E-05
  4.7836624E-05  3.9534498E-05
  4.8257814E-05  4.5428518E-05
  4.7955880E-05  4.1127190E-05
  4.8384456E-05  4.7353493E-05
  4.8077145E-05  4.2807253E-05
  4.8200429E-05  4.4580320E-05
  4.8325735E-05  4.6452165E-05
  4.8453148E-05  4.8429189E-05
  3.7105361E-05  2.0219186E-05
  4.7219852E-05  3.2169959E-05
  3.7228987E-05  2.1228392E-05
  4.7315352E-05  3.3220276E-05
  3.7354650E-05  2.2301632E-05
  4.7412348E-05  3.4319539E-05
  3.7482376E-05  2.3443437E-05
  3.7169641E-05  2.0738242E-05
  4.7510883E-05  3.5470559E-05
  3.7612215E-05  2.4658777E-05
  3.7293961E-05  2.1777349E-05
  4.7610956E-05  3.6675967E-05
  3.7743430E-05  2.5945637E-05
  3.7420374E-05  2.2882461E-05
  4.7712612E-05  3.7938989E-05
  3.7874997E-05  2.7297798E-05
  3.7548827E-05  2.4058336E-05
  4.7815825E-05  3.9262664E-05
  3.8006925E-05  2.8718281E-05
  3.7679398E-05  2.5310137E-05
  4.7920632E-05  4.0650462E-05
  3.8139195E-05  3.0210458E-05
  3.7810431E-05  2.6626371E-05
  4.8027046E-05  4.2105799E-05
  3.8271828E-05  3.1777898E-05
  3.7941816E-05  2.8009024E-05
  4.8135124E-05  4.3632732E-05
  3.8404822E-05  3.3424098E-05
  3.8073566E-05  2.9461342E-05
  4.8244823E-05  4.5235251E-05
  3.8538135E-05  3.5152912E-05
  3.8205657E-05  3.0986648E-05
  4.8356196E-05  4.6917688E-05
  3.8671806E-05  3.6968388E-05
  3.8338101E-05  3.2588498E-05
  3.8470866E-05  3.4270550E-05
  3.8603990E-05  3.6036701E-05
  3.8737460E-05  3.7891074E-05
  3.7115013E-05  2.0296411E-05
  3.7224447E-05  2.1190574E-05
  3.7335521E-05  2.2135137E-05
  3.7448277E-05  2.3133358E-05
  3.7562721E-05  2.4188728E-05
  3.7678798E-05  2.5304245E-05
  3.7795180E-05  2.6469988E-05
  3.7911865E-05  2.7688156E-05
  3.8028844E-05  2.8960892E-05
  3.8146136E-05  3.0290603E-05
  3.8263734E-05  3.1679872E-05
  3.8381604E-05  3.3131000E-05
  3.8499747E-05  3.4646848E-05
  3.8618196E-05  3.6230223E-05
  3.8736955E-05  3.7884001E-05
