 TGO      PCO2      PALB     FH2O                FTIR(1)         FTSO(1)    TSTRAT
 150.0   1.000E-05  0.2573   6.03704E-11          26.163         252.530    109.6
 160.0   1.000E-05  0.2573   7.77126E-10          34.015         252.527    117.0
 170.0   1.000E-05  0.2573   7.40643E-09          43.462         252.531    124.4
 180.0   1.000E-05  0.2572   5.49460E-08          54.718         252.542    131.8
 190.0   1.000E-05  0.2571   3.30103E-07          67.964         252.582    139.1
 200.0   1.000E-05  0.2567   1.65764E-06          83.254         252.725    146.3
 210.0   1.000E-05  0.2556   7.13813E-06         100.443         253.097    153.4
 220.0   1.000E-05  0.2535   2.69170E-05         119.225         253.813    160.1
 230.0   1.000E-05  0.2502   9.04322E-05         139.196         254.922    166.4
 240.0   1.000E-05  0.2459   2.74604E-04         159.996         256.403    172.3
 250.0   1.000E-05  0.2404   7.62714E-04         181.250         258.258    177.8
 260.0   1.000E-05  0.2334   1.95689E-03         202.359         260.626    182.7
 270.0   1.000E-05  0.2255   4.67471E-03         223.503         263.320    187.3
 280.0   1.000E-05  0.2168   9.94048E-03         242.912         266.301    191.3
 290.0   1.000E-05  0.2062   1.90274E-02         257.364         269.902    194.1
 300.0   1.000E-05  0.1939   3.44412E-02         266.206         274.064    195.7
 310.0   1.000E-05  0.1817   5.90504E-02         270.927         278.226    196.6
 320.0   1.000E-05  0.1711   9.59141E-02         273.832         281.809    197.1
 330.0   1.000E-05  0.1631   1.47476E-01         274.596         284.556    197.2
 340.0   1.000E-05  0.1569   2.14454E-01         273.037         286.650    196.9
 350.0   1.000E-05  0.1520   2.94901E-01         273.337         288.312    197.0
 360.0   1.000E-05  0.1486   3.84118E-01         274.363         289.460    197.2
 370.0   1.000E-05  0.1471   4.75739E-01         275.518         289.991    197.4
 380.0   1.000E-05  0.1472   5.63504E-01         276.510         289.942    197.6
 390.0   1.000E-05  0.1490   6.42758E-01         277.297         289.354    197.7
 150.0   1.000E-04  0.2564   6.03650E-11          39.783         252.810    121.7
 160.0   1.000E-04  0.2563   7.77056E-10          33.699         252.844    116.7
 170.0   1.000E-04  0.2563   7.40577E-09          42.542         252.857    123.7
 180.0   1.000E-04  0.2563   5.49411E-08          53.421         252.865    131.0
 190.0   1.000E-04  0.2562   3.30074E-07          66.188         252.898    138.2
 200.0   1.000E-04  0.2558   1.65750E-06          80.874         253.025    145.3
 210.0   1.000E-04  0.2548   7.13749E-06          97.321         253.366    152.2
 220.0   1.000E-04  0.2528   2.69146E-05         115.201         254.044    158.7
 230.0   1.000E-04  0.2497   9.04240E-05         134.093         255.113    164.9
 240.0   1.000E-04  0.2454   2.74579E-04         153.729         256.561    170.6
 250.0   1.000E-04  0.2400   7.62645E-04         173.690         258.393    175.9
 260.0   1.000E-04  0.2331   1.95671E-03         193.855         260.744    180.8
 270.0   1.000E-04  0.2252   4.67429E-03         213.993         263.419    185.3
 280.0   1.000E-04  0.2165   9.93959E-03         233.039         266.386    189.3
 290.0   1.000E-04  0.2060   1.90257E-02         248.167         269.967    192.3
 300.0   1.000E-04  0.1938   3.44383E-02         257.017         274.103    194.0
 310.0   1.000E-04  0.1816   5.90454E-02         263.223         278.242    195.2
 320.0   1.000E-04  0.1711   9.59063E-02         268.702         281.813    196.2
 330.0   1.000E-04  0.1631   1.47464E-01         272.002         284.556    196.8
 340.0   1.000E-04  0.1569   2.14439E-01         271.728         286.648    196.7
 350.0   1.000E-04  0.1520   2.94883E-01         272.561         288.310    196.9
 360.0   1.000E-04  0.1486   3.84097E-01         273.822         289.458    197.1
 370.0   1.000E-04  0.1471   4.75717E-01         275.099         289.989    197.3
 380.0   1.000E-04  0.1472   5.63482E-01         276.162         289.940    197.5
 390.0   1.000E-04  0.1490   6.42738E-01         276.993         289.352    197.7
 150.0   1.000E-03  0.2549   6.03107E-11          43.045         253.326    124.1
 160.0   1.000E-03  0.2549   7.76357E-10          32.821         253.330    116.0
 170.0   1.000E-03  0.2549   7.39911E-09          41.137         253.340    122.7
 180.0   1.000E-03  0.2548   5.48917E-08          51.219         253.367    129.6
 190.0   1.000E-03  0.2547   3.29777E-07          63.145         253.409    136.6
 200.0   1.000E-03  0.2543   1.65601E-06          77.020         253.531    143.5
 210.0   1.000E-03  0.2533   7.13107E-06          92.544         253.863    150.3
 220.0   1.000E-03  0.2514   2.68904E-05         109.381         254.525    156.7
 230.0   1.000E-03  0.2483   9.03428E-05         127.067         255.573    162.7
 240.0   1.000E-03  0.2441   2.74333E-04         145.373         256.995    168.2
 250.0   1.000E-03  0.2388   7.61960E-04         164.076         258.803    173.4
 260.0   1.000E-03  0.2320   1.95495E-03         182.959         261.129    178.2
 270.0   1.000E-03  0.2242   4.67011E-03         202.400         263.772    182.7
 280.0   1.000E-03  0.2156   9.93074E-03         221.040         266.699    186.8
 290.0   1.000E-03  0.2053   1.90090E-02         235.880         270.209    189.9
 300.0   1.000E-03  0.1934   3.44084E-02         245.306         274.244    191.7
 310.0   1.000E-03  0.1815   5.89954E-02         252.350         278.301    193.1
 320.0   1.000E-03  0.1711   9.58283E-02         260.290         281.824    194.6
 330.0   1.000E-03  0.1631   1.47351E-01         266.299         284.545    195.7
 340.0   1.000E-03  0.1570   2.14287E-01         269.162         286.632    196.2
 350.0   1.000E-03  0.1521   2.94696E-01         270.791         288.292    196.5
 360.0   1.000E-03  0.1487   3.83884E-01         272.585         289.439    196.9
 370.0   1.000E-03  0.1471   4.75493E-01         274.142         289.969    197.1
 380.0   1.000E-03  0.1473   5.63261E-01         275.368         289.920    197.4
 390.0   1.000E-03  0.1490   6.42531E-01         276.302         289.332    197.5
 150.0   1.000E-02  0.2527   5.97733E-11          46.285         254.083    126.4
 160.0   1.000E-02  0.2534   7.69439E-10          32.332         253.852    115.5
 170.0   1.000E-02  0.2531   7.33318E-09          39.922         253.939    121.8
 180.0   1.000E-02  0.2529   5.44025E-08          49.293         253.996    128.4
 190.0   1.000E-02  0.2528   3.26838E-07          60.251         254.061    135.0
 200.0   1.000E-02  0.2523   1.64125E-06          72.848         254.202    141.5
 210.0   1.000E-02  0.2514   7.06753E-06          87.125         254.527    148.0
 220.0   1.000E-02  0.2495   2.66508E-05         102.817         255.161    154.3
 230.0   1.000E-02  0.2466   8.95378E-05         119.241         256.170    160.1
 240.0   1.000E-02  0.2425   2.71889E-04         136.156         257.547    165.5
 250.0   1.000E-02  0.2373   7.55175E-04         153.344         259.315    170.5
 260.0   1.000E-02  0.2306   1.93757E-03         170.816         261.602    175.2
 270.0   1.000E-02  0.2230   4.62868E-03         188.582         264.195    179.5
 280.0   1.000E-02  0.2145   9.84312E-03         205.798         267.071    183.5
 290.0   1.000E-02  0.2044   1.88428E-02         220.266         270.499    186.7
 300.0   1.000E-02  0.1929   3.41122E-02         230.253         274.410    188.7
 310.0   1.000E-02  0.1814   5.85005E-02         238.785         278.329    190.5
 320.0   1.000E-02  0.1714   9.50556E-02         248.014         281.732    192.3
 330.0   1.000E-02  0.1636   1.46230E-01         256.691         284.387    193.9
 340.0   1.000E-02  0.1575   2.12784E-01         263.384         286.452    195.2
 350.0   1.000E-02  0.1526   2.92839E-01         267.071         288.101    195.9
 360.0   1.000E-02  0.1493   3.81769E-01         269.891         289.241    196.4
 370.0   1.000E-02  0.1477   4.73261E-01         272.048         289.769    196.8
 380.0   1.000E-02  0.1479   5.61058E-01         273.644         289.720    197.1
 390.0   1.000E-02  0.1496   6.40473E-01         274.812         289.134    197.3
 150.0   1.000E-01  0.2540   5.48828E-11          53.629         253.627    131.1
 160.0   1.000E-01  0.2539   7.06485E-10          32.614         253.679    115.8
 170.0   1.000E-01  0.2533   6.73319E-09          39.589         253.871    121.5
 180.0   1.000E-01  0.2534   4.99514E-08          47.274         253.850    127.0
 190.0   1.000E-01  0.2534   3.00097E-07          56.424         253.845    132.8
 200.0   1.000E-01  0.2532   1.50697E-06          67.049         253.921    138.6
 210.0   1.000E-01  0.2525   6.48928E-06          78.891         254.160    144.4
 220.0   1.000E-01  0.2509   2.44703E-05          91.653         254.700    149.9
 230.0   1.000E-01  0.2483   8.22126E-05         104.852         255.582    155.0
 240.0   1.000E-01  0.2446   2.49649E-04         118.437         256.830    159.8
 250.0   1.000E-01  0.2397   6.93431E-04         132.610         258.516    164.4
 260.0   1.000E-01  0.2332   1.77932E-03         147.275         260.707    168.8
 270.0   1.000E-01  0.2259   4.25158E-03         162.817         263.189    173.1
 280.0   1.000E-01  0.2178   9.04506E-03         178.653         265.963    177.1
 290.0   1.000E-01  0.2081   1.73278E-02         193.312         269.248    180.7
 300.0   1.000E-01  0.1972   3.14089E-02         206.063         272.966    183.6
 310.0   1.000E-01  0.1862   5.39724E-02         217.841         276.691    186.1
 320.0   1.000E-01  0.1767   8.79624E-02         230.006         279.936    188.7
 330.0   1.000E-01  0.1691   1.35892E-01         242.468         282.502    191.2
 340.0   1.000E-01  0.1631   1.98836E-01         252.767         284.542    193.2
 350.0   1.000E-01  0.1583   2.75479E-01         260.224         286.175    194.6
 360.0   1.000E-01  0.1550   3.61836E-01         264.880         287.309    195.5
 370.0   1.000E-01  0.1534   4.52043E-01         268.149         287.849    196.1
 380.0   1.000E-01  0.1535   5.39939E-01         270.473         287.825    196.5
 390.0   1.000E-01  0.1551   6.20591E-01         272.144         287.276    196.8
 150.0   1.000E+00  0.2935   3.01855E-11          67.435         240.225    138.8
 160.0   1.000E+00  0.2748   3.88567E-10          32.275         246.558    115.5
 170.0   1.000E+00  0.2739   3.70325E-09          38.659         246.862    120.8
 180.0   1.000E+00  0.2772   2.74733E-08          46.776         245.758    126.7
 190.0   1.000E+00  0.2893   1.65053E-07          54.761         241.652    131.8
 200.0   1.000E+00  0.2919   8.28831E-07          60.345         240.749    135.0
 210.0   1.000E+00  0.2915   3.56911E-06          66.671         240.878    138.4
 220.0   1.000E+00  0.2903   1.34588E-05          73.636         241.308    141.9
 230.0   1.000E+00  0.2880   4.52186E-05          80.776         242.067    145.2
 240.0   1.000E+00  0.2850   1.37322E-04          88.029         243.115    148.4
 250.0   1.000E+00  0.2805   3.81506E-04          95.626         244.622    151.5
 260.0   1.000E+00  0.2750   9.79411E-04         103.706         246.490    154.6
 270.0   1.000E+00  0.2687   2.34285E-03         112.789         248.636    157.9
 280.0   1.000E+00  0.2614   4.99511E-03         122.911         251.122    161.3
 290.0   1.000E+00  0.2528   9.60518E-03         134.035         254.039    164.9
 300.0   1.000E+00  0.2430   1.75225E-02         146.833         257.392    168.7
 310.0   1.000E+00  0.2326   3.04237E-02         162.504         260.909    173.0
 320.0   1.000E+00  0.2229   5.03733E-02         181.372         264.220    177.8
 330.0   1.000E+00  0.2145   7.96088E-02         201.773         267.076    182.6
 340.0   1.000E+00  0.2073   1.20107E-01         220.352         269.531    186.7
 350.0   1.000E+00  0.2011   1.72954E-01         236.435         271.630    190.0
 360.0   1.000E+00  0.1962   2.37716E-01         249.289         273.292    192.5
 370.0   1.000E+00  0.1929   3.12114E-01         258.456         274.425    194.3
 380.0   1.000E+00  0.1910   3.92279E-01         264.016         275.057    195.3
 390.0   1.000E+00  0.1905   4.73579E-01         267.809         275.215    196.0
 150.0   2.000E+00  0.3262   2.01237E-11          72.725         229.079    141.5
 160.0   2.000E+00  0.2941   2.59045E-10          31.912         240.011    115.2
 170.0   2.000E+00  0.2932   2.46884E-09          37.198         240.302    119.7
 180.0   2.000E+00  0.2946   1.83155E-08          45.421         239.823    125.8
 190.0   2.000E+00  0.3032   1.10036E-07          53.320         236.918    130.9
 200.0   2.000E+00  0.3221   5.52554E-07          60.615         230.483    135.2
 210.0   2.000E+00  0.3243   2.37941E-06          64.307         229.746    137.2
 220.0   2.000E+00  0.3232   8.97258E-06          68.475         230.103    139.4
 230.0   2.000E+00  0.3212   3.01462E-05          72.984         230.782    141.6
 240.0   2.000E+00  0.3182   9.15524E-05          77.757         231.814    143.9
 250.0   2.000E+00  0.3142   2.54370E-04          82.906         233.169    146.2
 260.0   2.000E+00  0.3089   6.53154E-04          88.690         234.985    148.7
 270.0   2.000E+00  0.3030   1.56312E-03          95.235         236.974    151.4
 280.0   2.000E+00  0.2961   3.33563E-03         102.725         239.332    154.2
 290.0   2.000E+00  0.2880   6.42402E-03         111.174         242.080    157.3
 300.0   2.000E+00  0.2788   1.17503E-02         121.021         245.212    160.7
 310.0   2.000E+00  0.2691   2.04903E-02         133.136         248.505    164.6
 320.0   2.000E+00  0.2593   3.41557E-02         149.032         251.840    169.3
 330.0   2.000E+00  0.2502   5.45192E-02         169.157         254.929    174.7
 340.0   2.000E+00  0.2417   8.34105E-02         192.239         257.809    180.4
 350.0   2.000E+00  0.2339   1.22357E-01         213.600         260.485    185.2
 360.0   2.000E+00  0.2270   1.72116E-01         231.404         262.829    189.0
 370.0   2.000E+00  0.2215   2.32237E-01         245.851         264.690    191.8
 380.0   2.000E+00  0.2174   3.00860E-01         256.484         266.068    193.9
 390.0   2.000E+00  0.2147   3.74901E-01         263.067         266.991    195.1
 150.0   3.000E+00  0.3516   1.50928E-11          75.055         220.444    142.6
 160.0   3.000E+00  0.3105   1.94283E-10          31.607         234.433    114.9
 170.0   3.000E+00  0.3098   1.85163E-09          35.951         234.673    118.6
 180.0   3.000E+00  0.3103   1.37366E-08          44.056         234.495    124.8
 190.0   3.000E+00  0.3165   8.25267E-08          52.043         232.394    130.1
 200.0   3.000E+00  0.3322   4.14416E-07          59.250         227.057    134.4
 210.0   3.000E+00  0.3486   1.78456E-06          64.039         221.485    137.1
 220.0   3.000E+00  0.3484   6.72945E-06          66.444         221.544    138.3
 230.0   3.000E+00  0.3467   2.26098E-05          69.254         222.108    139.8
 240.0   3.000E+00  0.3437   6.86658E-05          72.424         223.130    141.3
 250.0   3.000E+00  0.3401   1.90790E-04          76.039         224.361    143.1
 260.0   3.000E+00  0.3353   4.89945E-04          80.248         225.992    145.0
 270.0   3.000E+00  0.3295   1.17280E-03          85.266         227.982    147.2
 280.0   3.000E+00  0.3230   2.50381E-03          91.065         230.192    149.7
 290.0   3.000E+00  0.3151   4.82577E-03          97.925         232.856    152.4
 300.0   3.000E+00  0.3063   8.83871E-03         106.149         235.873    155.5
 310.0   3.000E+00  0.2968   1.54468E-02         116.295         239.073    159.1
 320.0   3.000E+00  0.2873   2.58374E-02         129.112         242.325    163.3
 330.0   3.000E+00  0.2778   4.14544E-02         145.927         245.534    168.4
 340.0   3.000E+00  0.2686   6.38901E-02         167.527         248.667    174.3
 350.0   3.000E+00  0.2595   9.46632E-02         192.056         251.774    180.4
 360.0   3.000E+00  0.2509   1.34891E-01         214.185         254.692    185.3
 370.0   3.000E+00  0.2436   1.84914E-01         232.315         257.192    189.2
 380.0   3.000E+00  0.2376   2.43997E-01         246.365         259.214    191.9
 390.0   3.000E+00  0.2330   3.10255E-01         256.984         260.779    194.0
 150.0   4.000E+00  0.3722   1.20742E-11          75.551         213.447    142.8
 160.0   4.000E+00  0.3248   1.55427E-10          31.211         229.561    114.5
 170.0   4.000E+00  0.3243   1.48130E-09          34.898         229.749    117.8
 180.0   4.000E+00  0.3243   1.09893E-08          42.730         229.724    123.9
 190.0   4.000E+00  0.3288   6.60213E-08          50.868         228.196    129.4
 200.0   4.000E+00  0.3420   3.31533E-07          58.033         223.704    133.7
 210.0   4.000E+00  0.3657   1.42765E-06          64.140         215.645    137.1
 220.0   4.000E+00  0.3687   5.38357E-06          65.796         214.632    138.0
 230.0   4.000E+00  0.3673   1.80879E-05          67.440         215.121    138.8
 240.0   4.000E+00  0.3651   5.49334E-05          69.513         215.858    139.9
 250.0   4.000E+00  0.3612   1.52637E-04          72.054         217.180    141.2
 260.0   4.000E+00  0.3566   3.91995E-04          75.178         218.763    142.7
 270.0   4.000E+00  0.3510   9.38461E-04          79.006         220.657    144.4
 280.0   4.000E+00  0.3446   2.00405E-03          83.629         222.818    146.5
 290.0   4.000E+00  0.3369   3.86434E-03          89.307         225.461    148.9
 300.0   4.000E+00  0.3285   7.08349E-03          96.165         228.325    151.7
 310.0   4.000E+00  0.3193   1.23958E-02         104.889         231.444    155.1
 320.0   4.000E+00  0.3098   2.07773E-02         115.891         234.662    159.0
 330.0   4.000E+00  0.3003   3.34408E-02         130.072         237.900    163.6
 340.0   4.000E+00  0.2907   5.17737E-02         148.556         241.155    169.1
 350.0   4.000E+00  0.2807   7.71920E-02         172.017         244.545    175.5
 360.0   4.000E+00  0.2709   1.10905E-01         197.221         247.907    181.6
 370.0   4.000E+00  0.2619   1.53612E-01         218.724         250.947    186.3
 380.0   4.000E+00  0.2543   2.05212E-01         235.991         253.533    189.9
 390.0   4.000E+00  0.2481   2.64624E-01         249.162         255.651    192.5
 150.0   5.000E+00  0.3895   1.00618E-11          74.720         207.576    142.4
 160.0   5.000E+00  0.3376   1.29522E-10          30.817         225.218    114.2
 170.0   5.000E+00  0.3371   1.23442E-09          33.984         225.369    117.0
 180.0   5.000E+00  0.3370   9.15776E-09          41.529         225.427    123.0
 190.0   5.000E+00  0.3402   5.50178E-08          49.727         224.316    128.7
 200.0   5.000E+00  0.3514   2.76277E-07          56.917         220.510    133.1
 210.0   5.000E+00  0.3726   1.18971E-06          63.033         213.304    136.5
 220.0   5.000E+00  0.3857   4.48631E-06          65.786         208.857    138.0
 230.0   5.000E+00  0.3843   1.50733E-05          66.661         209.323    138.4
 240.0   5.000E+00  0.3826   4.57783E-05          67.982         209.932    139.1
 250.0   5.000E+00  0.3788   1.27201E-04          69.724         211.217    140.0
 260.0   5.000E+00  0.3746   3.26684E-04          72.040         212.634    141.2
 270.0   5.000E+00  0.3689   7.82173E-04          75.013         214.577    142.6
 280.0   5.000E+00  0.3627   1.67060E-03          78.724         216.679    144.3
 290.0   5.000E+00  0.3553   3.22236E-03          83.341         219.196    146.4
 300.0   5.000E+00  0.3469   5.90989E-03          89.171         222.055    148.9
 310.0   5.000E+00  0.3381   1.03512E-02          96.612         225.059    151.9
 320.0   5.000E+00  0.3289   1.73746E-02         106.102         228.176    155.5
 330.0   5.000E+00  0.3193   2.80235E-02         118.460         231.443    159.8
 340.0   5.000E+00  0.3094   4.35203E-02         134.482         234.792    165.0
 350.0   5.000E+00  0.2990   6.51650E-02         155.222         238.353    171.0
 360.0   5.000E+00  0.2881   9.41611E-02         180.504         242.048    177.6
 370.0   5.000E+00  0.2778   1.31374E-01         205.310         245.530    183.4
 380.0   5.000E+00  0.2688   1.77066E-01         225.151         248.609    187.7
 390.0   5.000E+00  0.2611   2.30695E-01         241.122         251.216    190.9
 150.0   1.000E+01  0.4474   5.48828E-12          74.844         187.896    142.5
 160.0   1.000E+01  0.3840   7.06485E-11          29.589         209.428    113.0
 170.0   1.000E+01  0.3840   6.73319E-10          30.716         209.437    114.1
 180.0   1.000E+01  0.3838   4.99514E-09          36.978         209.510    119.5
 190.0   1.000E+01  0.3846   3.00097E-08          44.375         209.223    125.0
 200.0   1.000E+01  0.3900   1.50697E-07          52.139         207.388    130.2
 210.0   1.000E+01  0.4032   6.48932E-07          58.624         202.913    134.1
 220.0   1.000E+01  0.4217   2.44708E-06          63.384         196.623    136.7
 230.0   1.000E+01  0.4388   8.22187E-06          66.440         190.810    138.3
 240.0   1.000E+01  0.4418   2.49705E-05          67.051         189.803    138.6
 250.0   1.000E+01  0.4398   6.93864E-05          67.189         190.451    138.7
 260.0   1.000E+01  0.4364   1.78218E-04          67.535         191.621    138.9
 270.0   1.000E+01  0.4320   4.26792E-04          68.302         193.102    139.3
 280.0   1.000E+01  0.4264   9.11930E-04          69.449         195.031    139.9
 290.0   1.000E+01  0.4195   1.76023E-03          71.178         197.363    140.7
 300.0   1.000E+01  0.4115   3.23226E-03          73.677         200.095    141.9
 310.0   1.000E+01  0.4032   5.67280E-03          77.133         202.901    143.6
 320.0   1.000E+01  0.3946   9.55247E-03          81.877         205.824    145.7
 330.0   1.000E+01  0.3852   1.54828E-02          88.478         209.023    148.6
 340.0   1.000E+01  0.3751   2.42174E-02          97.511         212.453    152.2
 350.0   1.000E+01  0.3638   3.66296E-02         109.734         216.297    156.8
 360.0   1.000E+01  0.3514   5.36572E-02         125.648         220.519    162.2
 370.0   1.000E+01  0.3377   7.62092E-02         146.327         225.192    168.5
 380.0   1.000E+01  0.3241   1.05035E-01         171.938         229.808    175.4
 390.0   1.000E+01  0.3110   1.40574E-01         198.357         234.243    181.8
 150.0   1.500E+01  0.4819   3.77319E-12          61.642         176.138    135.8
 160.0   1.500E+01  0.4188   4.85708E-11          26.548         197.613    110.0
 170.0   1.500E+01  0.4187   4.62907E-10          27.508         197.647    111.0
 180.0   1.500E+01  0.4181   3.43416E-09          33.033         197.840    116.2
 190.0   1.500E+01  0.4177   2.06317E-08          39.813         197.990    121.7
 200.0   1.500E+01  0.4199   1.03604E-07          47.575         197.229    127.2
 210.0   1.500E+01  0.4282   4.46141E-07          55.033         194.420    132.0
 220.0   1.500E+01  0.4415   1.68237E-06          60.291         189.882    135.0
 230.0   1.500E+01  0.4546   5.65255E-06          63.568         185.419    136.8
 240.0   1.500E+01  0.4701   1.71673E-05          66.444         180.176    138.3
 250.0   1.500E+01  0.4757   4.77042E-05          67.474         178.264    138.9
 260.0   1.500E+01  0.4744   1.22531E-04          67.570         178.712    138.9
 270.0   1.500E+01  0.4711   2.93458E-04          67.680         179.826    139.0
 280.0   1.500E+01  0.4662   6.27130E-04          67.908         181.488    139.1
 290.0   1.500E+01  0.4604   1.21082E-03          68.482         183.473    139.4
 300.0   1.500E+01  0.4533   2.22442E-03          69.505         185.864    139.9
 310.0   1.500E+01  0.4457   3.90698E-03          71.095         188.452    140.7
 320.0   1.500E+01  0.4372   6.58699E-03          73.550         191.341    141.9
 330.0   1.500E+01  0.4282   1.06962E-02          77.162         194.399    143.6
 340.0   1.500E+01  0.4185   1.67764E-02          82.364         197.721    146.0
 350.0   1.500E+01  0.4071   2.54744E-02          89.979         201.582    149.2
 360.0   1.500E+01  0.3942   3.75184E-02         100.737         205.965    153.5
 370.0   1.500E+01  0.3796   5.36720E-02         115.195         210.945    158.7
 380.0   1.500E+01  0.3643   7.46624E-02         133.856         216.122    164.8
 390.0   1.500E+01  0.3484   1.01085E-01         157.504         221.528    171.6
 150.0   2.000E+01  0.5064   2.87481E-12          48.961         167.840    128.2
 160.0   2.000E+01  0.4457   3.70064E-11          24.207         188.456    107.5
 170.0   2.000E+01  0.4456   3.52691E-10          25.226         188.488    108.6
 180.0   2.000E+01  0.4451   2.61650E-09          29.705         188.681    113.1
 190.0   2.000E+01  0.4441   1.57194E-08          35.928         188.993    118.6
 200.0   2.000E+01  0.4446   7.89364E-08          43.472         188.838    124.4
 210.0   2.000E+01  0.4495   3.39917E-07          51.700         187.163    129.9
 220.0   2.000E+01  0.4591   1.28181E-06          57.609         183.894    133.5
 230.0   2.000E+01  0.4693   4.30671E-06          61.177         180.438    135.5
 240.0   2.000E+01  0.4820   1.30799E-05          64.237         176.105    137.2
 250.0   2.000E+01  0.4958   3.63465E-05          66.977         171.437    138.6
 260.0   2.000E+01  0.4994   9.33600E-05          67.800         170.214    139.0
 270.0   2.000E+01  0.4972   2.23603E-04          67.878         170.937    139.1
 280.0   2.000E+01  0.4935   4.77885E-04          67.907         172.223    139.1
 290.0   2.000E+01  0.4884   9.22799E-04          68.050         173.930    139.2
 300.0   2.000E+01  0.4819   1.69570E-03          68.335         176.145    139.3
 310.0   2.000E+01  0.4749   2.97951E-03          69.089         178.519    139.7
 320.0   2.000E+01  0.4671   5.02654E-03          70.268         181.202    140.3
 330.0   2.000E+01  0.4586   8.17027E-03          72.299         184.088    141.3
 340.0   2.000E+01  0.4489   1.28333E-02          75.397         187.360    142.8
 350.0   2.000E+01  0.4381   1.95275E-02          80.160         191.049    145.0
 360.0   2.000E+01  0.4253   2.88431E-02          87.269         195.381    148.1
 370.0   2.000E+01  0.4115   4.14223E-02          97.461         200.078    152.2
 380.0   2.000E+01  0.3954   5.79152E-02         111.592         205.551    157.5
 390.0   2.000E+01  0.3783   7.89168E-02         129.971         211.366    163.6
 150.0   2.500E+01  0.5249   2.32196E-12          40.409         161.527    122.2
 160.0   2.500E+01  0.4676   2.98898E-11          22.749         181.002    105.8
 170.0   2.500E+01  0.4676   2.84866E-10          23.981         181.030    107.2
 180.0   2.500E+01  0.4670   2.11333E-09          27.529         181.203    111.0
 190.0   2.500E+01  0.4660   1.26964E-08          32.682         181.559    115.8
 200.0   2.500E+01  0.4654   6.37563E-08          39.904         181.757    121.8
 210.0   2.500E+01  0.4680   2.74548E-07          48.389         180.886    127.8
 220.0   2.500E+01  0.4748   1.03531E-06          55.138         178.582    132.0
 230.0   2.500E+01  0.4826   3.47850E-06          59.021         175.912    134.3
 240.0   2.500E+01  0.4932   1.05646E-05          62.320         172.325    136.1
 250.0   2.500E+01  0.5048   2.93570E-05          65.192         168.378    137.7
 260.0   2.500E+01  0.5166   7.54075E-05          67.788         164.346    139.0
 270.0   2.500E+01  0.5163   1.80610E-04          68.011         164.451    139.1
 280.0   2.500E+01  0.5133   3.86019E-04          68.050         165.461    139.2
 290.0   2.500E+01  0.5090   7.45470E-04          68.080         166.946    139.2
 300.0   2.500E+01  0.5035   1.37005E-03          68.217         168.801    139.2
 310.0   2.500E+01  0.4969   2.40791E-03          68.434         171.041    139.4
 320.0   2.500E+01  0.4899   4.06383E-03          69.003         173.446    139.6
 330.0   2.500E+01  0.4818   6.60945E-03          70.019         176.201    140.2
 340.0   2.500E+01  0.4727   1.03910E-02          71.895         179.290    141.1
 350.0   2.500E+01  0.4621   1.58317E-02          74.911         182.883    142.5
 360.0   2.500E+01  0.4499   2.34263E-02          79.693         187.029    144.8
 370.0   2.500E+01  0.4360   3.37251E-02          86.846         191.767    147.9
 380.0   2.500E+01  0.4201   4.73045E-02          97.423         197.178    152.2
 390.0   2.500E+01  0.4029   6.47227E-02         111.888         203.020    157.6
 150.0   3.000E+01  0.5401   1.94745E-12          34.790         156.366    117.7
 160.0   3.000E+01  0.4861   2.50688E-11          21.857         174.726    104.8
 170.0   3.000E+01  0.4860   2.38920E-10          23.379         174.753    106.5
 180.0   3.000E+01  0.4856   1.77247E-09          26.562         174.910    110.0
 190.0   3.000E+01  0.4845   1.06486E-08          30.837         175.265    114.2
 200.0   3.000E+01  0.4834   5.34730E-08          37.361         175.651    119.8
 210.0   3.000E+01  0.4843   2.30266E-07          45.591         175.344    125.9
 220.0   3.000E+01  0.4888   8.68321E-07          52.930         173.797    130.7
 230.0   3.000E+01  0.4949   2.91745E-06          57.155         171.723    133.2
 240.0   3.000E+01  0.5035   8.86064E-06          60.607         168.797    135.2
 250.0   3.000E+01  0.5133   2.46221E-05          63.619         165.477    136.8
 260.0   3.000E+01  0.5234   6.32458E-05          66.294         162.051    138.2
 270.0   3.000E+01  0.5307   1.51484E-04          68.102         159.576    139.2
 280.0   3.000E+01  0.5288   3.23778E-04          68.189         160.201    139.2
 290.0   3.000E+01  0.5249   6.25308E-04          68.133         161.543    139.2
 300.0   3.000E+01  0.5202   1.14933E-03          68.293         163.134    139.3
 310.0   3.000E+01  0.5142   2.02032E-03          68.349         165.163    139.3
 320.0   3.000E+01  0.5075   3.41061E-03          68.545         167.462    139.4
 330.0   3.000E+01  0.5000   5.54932E-03          69.025         169.991    139.7
 340.0   3.000E+01  0.4912   8.72966E-03          70.056         172.981    140.2
 350.0   3.000E+01  0.4813   1.33122E-02          72.007         176.374    141.1
 360.0   3.000E+01  0.4696   1.97224E-02          75.223         180.339    142.7
 370.0   3.000E+01  0.4561   2.84403E-02          80.277         184.919    145.0
 380.0   3.000E+01  0.4407   3.99798E-02          88.039         190.169    148.4
 390.0   3.000E+01  0.4236   5.48562E-02          99.301         195.970    152.9
 150.0   3.500E+01  0.5524   1.67697E-12          30.878         152.169    114.2
 160.0   3.500E+01  0.5020   2.15870E-11          21.164         169.317    103.9
 170.0   3.500E+01  0.5019   2.05736E-10          22.832         169.344    105.9
 180.0   3.500E+01  0.5015   1.52629E-09          25.684         169.492    109.1
 190.0   3.500E+01  0.5005   9.16963E-09          29.088         169.841    112.5
 200.0   3.500E+01  0.4990   4.60462E-08          34.690         170.347    117.6
 210.0   3.500E+01  0.4986   1.98285E-07          42.825         170.465    123.9
 220.0   3.500E+01  0.5014   7.47721E-07          50.567         169.525    129.2
 230.0   3.500E+01  0.5059   2.51225E-06          55.238         167.978    132.1
 240.0   3.500E+01  0.5130   7.63000E-06          58.989         165.565    134.3
 250.0   3.500E+01  0.5212   2.12024E-05          62.185         162.776    136.1
 260.0   3.500E+01  0.5298   5.44621E-05          64.941         159.878    137.5
 270.0   3.500E+01  0.5387   1.30447E-04          67.457         156.838    138.9
 280.0   3.500E+01  0.5408   2.78822E-04          68.239         156.140    139.3
 290.0   3.500E+01  0.5379   5.38506E-04          68.282         157.100    139.3
 300.0   3.500E+01  0.5336   9.89856E-04          68.334         158.588    139.3
 310.0   3.500E+01  0.5282   1.74021E-03          68.389         160.401    139.3
 320.0   3.500E+01  0.5221   2.93830E-03          68.517         162.473    139.4
 330.0   3.500E+01  0.5149   4.78227E-03          68.680         164.936    139.5
 340.0   3.500E+01  0.5064   7.52633E-03          69.170         167.831    139.7
 350.0   3.500E+01  0.4966   1.14845E-02          70.363         171.153    140.3
 360.0   3.500E+01  0.4855   1.70298E-02          72.588         174.940    141.4
 370.0   3.500E+01  0.4722   2.45874E-02          76.216         179.460    143.2
 380.0   3.500E+01  0.4574   3.46193E-02          81.892         184.468    145.7
 390.0   3.500E+01  0.4408   4.76000E-02          90.605         190.121    149.5
