 TGO     PCO2       PALB     FH2O                 FTIR(1)        FTSO(1)    TSTRAT
 150.0   1.000E-05  0.3122   6.03704E-11          25.147         233.862    108.5
 160.0   1.000E-05  0.3125   7.77126E-10          32.864         233.745    116.0
 170.0   1.000E-05  0.3125   7.40643E-09          42.102         233.741    123.4
 180.0   1.000E-05  0.3125   5.49460E-08          53.092         233.753    130.8
 190.0   1.000E-05  0.3123   3.30103E-07          65.985         233.831    138.1
 200.0   1.000E-05  0.3115   1.65764E-06          80.752         234.096    145.2
 210.0   1.000E-05  0.3097   7.13813E-06          97.133         234.700    152.1
 220.0   1.000E-05  0.3067   2.69170E-05         114.704         235.736    158.6
 230.0   1.000E-05  0.3024   9.04322E-05         133.067         237.196    164.6
 240.0   1.000E-05  0.2969   2.74604E-04         151.851         239.046    170.1
 250.0   1.000E-05  0.2900   7.62714E-04         170.597         241.391    175.1
 260.0   1.000E-05  0.2822   1.95689E-03         189.279         244.043    179.7
 270.0   1.000E-05  0.2733   4.67471E-03         207.152         247.094    183.8
 280.0   1.000E-05  0.2621   9.94048E-03         222.000         250.876    187.0
 290.0   1.000E-05  0.2492   1.90274E-02         231.108         255.264    188.9
 300.0   1.000E-05  0.2356   3.44412E-02         236.888         259.895    190.1
 310.0   1.000E-05  0.2234   5.90504E-02         241.837         264.055    191.1
 320.0   1.000E-05  0.2132   9.59141E-02         245.747         267.514    191.8
 330.0   1.000E-05  0.2047   1.47476E-01         247.094         270.393    192.1
 340.0   1.000E-05  0.1977   2.14454E-01         245.273         272.767    191.7
 350.0   1.000E-05  0.1925   2.94901E-01         245.175         274.549    191.7
 360.0   1.000E-05  0.1889   3.84118E-01         246.061         275.763    191.9
 370.0   1.000E-05  0.1871   4.75739E-01         247.089         276.393    192.1
 380.0   1.000E-05  0.1867   5.63504E-01         247.861         276.514    192.2
 390.0   1.000E-05  0.1875   6.42758E-01         248.396         276.256    192.3
 150.0   1.000E-04  0.3126   6.03650E-11          40.762         233.728    122.4
 160.0   1.000E-04  0.3114   7.77056E-10          32.515         234.107    115.7
 170.0   1.000E-04  0.3113   7.40577E-09          40.820         234.174    122.5
 180.0   1.000E-04  0.3112   5.49411E-08          51.312         234.180    129.7
 190.0   1.000E-04  0.3111   3.30074E-07          63.606         234.242    136.8
 200.0   1.000E-04  0.3103   1.65750E-06          77.653         234.480    143.8
 210.0   1.000E-04  0.3087   7.13749E-06          93.183         235.048    150.5
 220.0   1.000E-04  0.3057   2.69146E-05         109.773         236.045    156.8
 230.0   1.000E-04  0.3016   9.04240E-05         127.014         237.468    162.7
 240.0   1.000E-04  0.2962   2.74579E-04         144.591         239.289    168.0
 250.0   1.000E-04  0.2894   7.62645E-04         162.352         241.611    172.9
 260.0   1.000E-04  0.2817   1.95671E-03         180.289         244.234    177.5
 270.0   1.000E-04  0.2728   4.67429E-03         197.902         247.260    181.7
 280.0   1.000E-04  0.2617   9.93959E-03         212.900         251.007    185.1
 290.0   1.000E-04  0.2490   1.90257E-02         222.379         255.343    187.1
 300.0   1.000E-04  0.2355   3.44383E-02         227.941         259.927    188.3
 310.0   1.000E-04  0.2233   5.90454E-02         233.758         264.064    189.4
 320.0   1.000E-04  0.2132   9.59063E-02         239.964         267.514    190.7
 330.0   1.000E-04  0.2047   1.47464E-01         244.212         270.391    191.5
 340.0   1.000E-04  0.1977   2.14439E-01         243.989         272.764    191.5
 350.0   1.000E-04  0.1925   2.94883E-01         244.484         274.547    191.6
 360.0   1.000E-04  0.1889   3.84097E-01         245.610         275.761    191.8
 370.0   1.000E-04  0.1871   4.75717E-01         246.750         276.390    192.0
 380.0   1.000E-04  0.1867   5.63482E-01         247.584         276.511    192.2
 390.0   1.000E-04  0.1875   6.42738E-01         248.157         276.254    192.3
 150.0   1.000E-03  0.3107   6.03107E-11          43.497         234.361    124.4
 160.0   1.000E-03  0.3099   7.76357E-10          31.622         234.642    114.9
 170.0   1.000E-03  0.3097   7.39911E-09          39.362         234.712    121.4
 180.0   1.000E-03  0.3096   5.48917E-08          49.037         234.749    128.2
 190.0   1.000E-03  0.3093   3.29777E-07          60.385         234.836    135.1
 200.0   1.000E-03  0.3086   1.65601E-06          73.589         235.071    141.9
 210.0   1.000E-03  0.3070   7.13107E-06          88.164         235.628    148.5
 220.0   1.000E-03  0.3041   2.68904E-05         103.667         236.605    154.6
 230.0   1.000E-03  0.3000   9.03428E-05         119.698         238.004    160.3
 240.0   1.000E-03  0.2947   2.74333E-04         136.050         239.799    165.5
 250.0   1.000E-03  0.2879   7.61960E-04         152.566         242.097    170.3
 260.0   1.000E-03  0.2803   1.95495E-03         169.440         244.688    174.8
 270.0   1.000E-03  0.2716   4.67011E-03         186.412         247.670    179.0
 280.0   1.000E-03  0.2608   9.93074E-03         200.692         251.338    182.4
 290.0   1.000E-03  0.2484   1.90090E-02         210.260         255.553    184.5
 300.0   1.000E-03  0.2352   3.44084E-02         217.051         260.026    186.0
 310.0   1.000E-03  0.2233   5.89954E-02         223.410         264.087    187.3
 320.0   1.000E-03  0.2132   9.58283E-02         231.465         267.501    189.0
 330.0   1.000E-03  0.2048   1.47351E-01         238.141         270.369    190.3
 340.0   1.000E-03  0.1978   2.14287E-01         241.014         272.739    190.9
 350.0   1.000E-03  0.1926   2.94696E-01         242.868         274.520    191.3
 360.0   1.000E-03  0.1890   3.83884E-01         244.537         275.734    191.6
 370.0   1.000E-03  0.1872   4.75493E-01         245.944         276.364    191.9
 380.0   1.000E-03  0.1868   5.63261E-01         246.930         276.487    192.1
 390.0   1.000E-03  0.1876   6.42531E-01         247.597         276.230    192.2
 150.0   1.000E-02  0.3080   5.97733E-11          46.930         235.286    126.8
 160.0   1.000E-02  0.3079   7.69439E-10          31.101         235.322    114.4
 170.0   1.000E-02  0.3074   7.33318E-09          37.985         235.492    120.3
 180.0   1.000E-02  0.3072   5.44025E-08          46.784         235.568    126.7
 190.0   1.000E-02  0.3069   3.26838E-07          57.134         235.665    133.2
 200.0   1.000E-02  0.3062   1.64125E-06          68.893         235.896    139.6
 210.0   1.000E-02  0.3047   7.06753E-06          81.866         236.411    145.7
 220.0   1.000E-02  0.3020   2.66508E-05          96.018         237.327    151.7
 230.0   1.000E-02  0.2981   8.95378E-05         110.606         238.653    157.1
 240.0   1.000E-02  0.2930   2.71889E-04         125.367         240.382    162.1
 250.0   1.000E-02  0.2864   7.55175E-04         140.267         242.623    166.7
 260.0   1.000E-02  0.2790   1.93757E-03         155.531         245.152    171.1
 270.0   1.000E-02  0.2703   4.62868E-03         170.866         248.082    175.2
 280.0   1.000E-02  0.2598   9.84312E-03         184.503         251.663    178.6
 290.0   1.000E-02  0.2479   1.88428E-02         194.405         255.729    180.9
 300.0   1.000E-02  0.2352   3.41122E-02         201.973         260.026    182.6
 310.0   1.000E-02  0.2237   5.85005E-02         210.296         263.926    184.5
 320.0   1.000E-02  0.2140   9.50556E-02         219.800         267.250    186.6
 330.0   1.000E-02  0.2056   1.46230E-01         228.695         270.099    188.4
 340.0   1.000E-02  0.1986   2.12784E-01         235.393         272.462    189.8
 350.0   1.000E-02  0.1934   2.92839E-01         239.490         274.243    190.6
 360.0   1.000E-02  0.1898   3.81769E-01         242.182         275.464    191.1
 370.0   1.000E-02  0.1879   4.73261E-01         244.153         276.104    191.5
 380.0   1.000E-02  0.1875   5.61058E-01         245.478         276.239    191.8
 390.0   1.000E-02  0.1882   6.40473E-01         246.358         275.996    191.9
 150.0   1.000E-01  0.3124   5.48828E-11          54.229         233.768    131.5
 160.0   1.000E-01  0.3098   7.06485E-10          31.502         234.656    114.8
 170.0   1.000E-01  0.3098   6.73319E-09          37.724         234.677    120.1
 180.0   1.000E-01  0.3100   4.99514E-08          44.451         234.606    125.1
 190.0   1.000E-01  0.3101   3.00097E-07          52.449         234.580    130.4
 200.0   1.000E-01  0.3097   1.50697E-06          61.634         234.710    135.8
 210.0   1.000E-01  0.3085   6.48928E-06          71.642         235.101    141.0
 220.0   1.000E-01  0.3062   2.44703E-05          82.095         235.883    145.8
 230.0   1.000E-01  0.3029   8.22126E-05          92.694         237.027    150.3
 240.0   1.000E-01  0.2984   2.49649E-04         103.428         238.558    154.5
 250.0   1.000E-01  0.2922   6.93431E-04         114.631         240.643    158.5
 260.0   1.000E-01  0.2851   1.77932E-03         126.725         243.059    162.6
 270.0   1.000E-01  0.2768   4.25158E-03         139.674         245.882    166.6
 280.0   1.000E-01  0.2667   9.04506E-03         152.611         249.325    170.3
 290.0   1.000E-01  0.2553   1.73278E-02         164.738         253.199    173.6
 300.0   1.000E-01  0.2432   3.14089E-02         176.737         257.296    176.7
 310.0   1.000E-01  0.2322   5.39724E-02         189.539         261.041    179.8
 320.0   1.000E-01  0.2226   8.79624E-02         202.397         264.321    182.7
 330.0   1.000E-01  0.2140   1.35892E-01         214.731         267.226    185.5
 340.0   1.000E-01  0.2069   1.98836E-01         225.484         269.669    187.7
 350.0   1.000E-01  0.2013   2.75479E-01         233.233         271.544    189.3
 360.0   1.000E-01  0.1974   3.61836E-01         237.741         272.875    190.2
 370.0   1.000E-01  0.1952   4.52043E-01         240.810         273.646    190.9
 380.0   1.000E-01  0.1944   5.39939E-01         242.832         273.915    191.3
 390.0   1.000E-01  0.1947   6.20591E-01         244.187         273.813    191.5
 150.0   1.000E+00  0.3717   3.01855E-11          66.625         213.615    138.4
 160.0   1.000E+00  0.3422   3.88567E-10          31.065         223.667    114.4
 170.0   1.000E+00  0.3416   3.70325E-09          36.430         223.845    119.0
 180.0   1.000E+00  0.3472   2.74733E-08          44.076         221.960    124.8
 190.0   1.000E+00  0.3645   1.65053E-07          51.060         216.080    129.5
 200.0   1.000E+00  0.3681   8.28831E-07          54.837         214.837    131.8
 210.0   1.000E+00  0.3675   3.56911E-06          58.952         215.060    134.3
 220.0   1.000E+00  0.3657   1.34588E-05          63.431         215.670    136.7
 230.0   1.000E+00  0.3629   4.52186E-05          68.064         216.597    139.2
 240.0   1.000E+00  0.3591   1.37322E-04          72.918         217.895    141.6
 250.0   1.000E+00  0.3536   3.81506E-04          78.285         219.777    144.1
 260.0   1.000E+00  0.3476   9.79411E-04          84.221         221.812    146.8
 270.0   1.000E+00  0.3403   2.34285E-03          91.055         224.284    149.7
 280.0   1.000E+00  0.3313   4.99511E-03          98.798         227.363    152.7
 290.0   1.000E+00  0.3213   9.60518E-03         107.545         230.764    156.0
 300.0   1.000E+00  0.3103   1.75225E-02         118.296         234.492    159.8
 310.0   1.000E+00  0.2993   3.04237E-02         132.350         238.253    164.3
 320.0   1.000E+00  0.2882   5.03733E-02         150.828         242.002    169.8
 330.0   1.000E+00  0.2770   7.96088E-02         172.589         245.803    175.6
 340.0   1.000E+00  0.2662   1.20107E-01         193.105         249.482    180.6
 350.0   1.000E+00  0.2567   1.72954E-01         209.651         252.704    184.4
 360.0   1.000E+00  0.2489   2.37716E-01         222.372         255.372    187.1
 370.0   1.000E+00  0.2427   3.12114E-01         231.686         257.494    189.0
 380.0   1.000E+00  0.2379   3.92279E-01         237.107         259.122    190.1
 390.0   1.000E+00  0.2343   4.73579E-01         240.616         260.334    190.8
 150.0   2.000E+00  0.4144   2.01237E-11          70.300         199.117    140.3
 160.0   2.000E+00  0.3699   2.59045E-10          30.511         214.229    113.9
 170.0   2.000E+00  0.3692   2.46884E-09          34.570         214.458    117.5
 180.0   2.000E+00  0.3717   1.83155E-08          42.252         213.631    123.5
 190.0   2.000E+00  0.3834   1.10036E-07          49.318         209.656    128.4
 200.0   2.000E+00  0.4080   5.52554E-07          55.412         201.292    132.2
 210.0   2.000E+00  0.4106   2.37941E-06          57.305         200.411    133.3
 220.0   2.000E+00  0.4091   8.97258E-06          59.292         200.900    134.4
 230.0   2.000E+00  0.4068   3.01462E-05          61.594         201.687    135.7
 240.0   2.000E+00  0.4031   9.15524E-05          64.253         202.947    137.2
 250.0   2.000E+00  0.3983   2.54370E-04          67.378         204.582    138.8
 260.0   2.000E+00  0.3924   6.53154E-04          71.096         206.566    140.7
 270.0   2.000E+00  0.3858   1.56312E-03          75.529         208.838    142.8
 280.0   2.000E+00  0.3773   3.33563E-03          80.949         211.730    145.3
 290.0   2.000E+00  0.3679   6.42402E-03          87.513         214.925    148.2
 300.0   2.000E+00  0.3577   1.17503E-02          95.703         218.393    151.5
 310.0   2.000E+00  0.3468   2.04903E-02         106.207         222.083    155.5
 320.0   2.000E+00  0.3352   3.41557E-02         120.266         226.045    160.4
 330.0   2.000E+00  0.3226   5.45192E-02         138.892         230.304    166.3
 340.0   2.000E+00  0.3093   8.34105E-02         162.219         234.845    172.9
 350.0   2.000E+00  0.2963   1.22357E-01         185.833         239.271    178.9
 360.0   2.000E+00  0.2846   1.72116E-01         204.564         243.224    183.2
 370.0   2.000E+00  0.2748   2.32237E-01         219.006         246.573    186.4
 380.0   2.000E+00  0.2666   3.00860E-01         229.620         249.351    188.6
 390.0   2.000E+00  0.2599   3.74901E-01         236.092         251.640    189.9
 150.0   3.000E+00  0.4448   1.50928E-11          71.198         188.765    140.7
 160.0   3.000E+00  0.3924   1.94283E-10          30.036         206.588    113.4
 170.0   3.000E+00  0.3918   1.85163E-09          33.084         206.781    116.2
 180.0   3.000E+00  0.3927   1.37366E-08          40.443         206.469    122.2
 190.0   3.000E+00  0.4008   8.25267E-08          47.768         203.727    127.4
 200.0   3.000E+00  0.4205   4.14416E-07          53.895         197.016    131.3
 210.0   3.000E+00  0.4400   1.78456E-06          57.515         190.407    133.4
 220.0   3.000E+00  0.4397   6.72945E-06          58.385         190.514    133.9
 230.0   3.000E+00  0.4379   2.26098E-05          59.496         191.129    134.6
 240.0   3.000E+00  0.4343   6.86658E-05          60.931         192.343    135.4
 250.0   3.000E+00  0.4300   1.90790E-04          62.835         193.790    136.4
 260.0   3.000E+00  0.4248   4.89945E-04          65.229         195.559    137.7
 270.0   3.000E+00  0.4182   1.17280E-03          68.267         197.826    139.3
 280.0   3.000E+00  0.4103   2.50381E-03          72.047         200.513    141.2
 290.0   3.000E+00  0.4012   4.82577E-03          76.905         203.588    143.5
 300.0   3.000E+00  0.3915   8.83871E-03          83.245         206.906    146.3
 310.0   3.000E+00  0.3808   1.54468E-02          91.651         210.541    149.9
 320.0   3.000E+00  0.3693   2.58374E-02         102.750         214.454    154.3
 330.0   3.000E+00  0.3562   4.14544E-02         117.590         218.902    159.5
 340.0   3.000E+00  0.3415   6.38901E-02         137.448         223.902    165.9
 350.0   3.000E+00  0.3263   9.46632E-02         162.040         229.066    172.9
 360.0   3.000E+00  0.3118   1.34891E-01         186.428         234.004    179.0
 370.0   3.000E+00  0.2989   1.84914E-01         205.412         238.379    183.4
 380.0   3.000E+00  0.2879   2.43997E-01         219.461         242.098    186.5
 390.0   3.000E+00  0.2787   3.10255E-01         229.905         245.237    188.7
 150.0   4.000E+00  0.4683   1.20742E-11          70.449         180.790    140.4
 160.0   4.000E+00  0.4113   1.55427E-10          29.465         200.162    112.9
 170.0   4.000E+00  0.4108   1.48130E-09          31.882         200.316    115.1
 180.0   4.000E+00  0.4110   1.09893E-08          38.849         200.275    121.0
 190.0   4.000E+00  0.4165   6.60213E-08          46.326         198.385    126.4
 200.0   4.000E+00  0.4326   3.31533E-07          52.550         192.922    130.4
 210.0   4.000E+00  0.4598   1.42765E-06          57.700         183.678    133.5
 220.0   4.000E+00  0.4630   5.38357E-06          58.496         182.571    134.0
 230.0   4.000E+00  0.4615   1.80879E-05          58.974         183.090    134.3
 240.0   4.000E+00  0.4590   5.49334E-05          59.771         183.954    134.7
 250.0   4.000E+00  0.4545   1.52637E-04          60.855         185.482    135.3
 260.0   4.000E+00  0.4494   3.91995E-04          62.422         187.206    136.2
 270.0   4.000E+00  0.4431   9.38461E-04          64.516         189.342    137.3
 280.0   4.000E+00  0.4355   2.00405E-03          67.264         191.943    138.8
 290.0   4.000E+00  0.4266   3.86434E-03          70.899         194.966    140.6
 300.0   4.000E+00  0.4174   7.08349E-03          75.668         198.073    142.9
 310.0   4.000E+00  0.4070   1.23958E-02          82.291         201.626    145.9
 320.0   4.000E+00  0.3955   2.07773E-02          91.349         205.522    149.8
 330.0   4.000E+00  0.3824   3.34408E-02         103.652         209.981    154.6
 340.0   4.000E+00  0.3673   5.17737E-02         119.991         215.115    160.4
 350.0   4.000E+00  0.3508   7.71920E-02         141.643         220.731    167.1
 360.0   4.000E+00  0.3342   1.10905E-01         167.587         226.355    174.3
 370.0   4.000E+00  0.3189   1.53612E-01         191.262         231.573    180.2
 380.0   4.000E+00  0.3055   2.05212E-01         209.052         236.125    184.2
 390.0   4.000E+00  0.2941   2.64624E-01         222.070         239.997    187.0
 150.0   5.000E+00  0.4872   1.00618E-11          68.563         174.353    139.4
 160.0   5.000E+00  0.4276   1.29522E-10          28.920         194.611    112.4
 170.0   5.000E+00  0.4272   1.23442E-09          30.896         194.741    114.2
 180.0   5.000E+00  0.4269   9.15776E-09          37.443         194.853    119.8
 190.0   5.000E+00  0.4307   5.50178E-08          44.908         193.570    125.4
 200.0   5.000E+00  0.4438   2.76277E-07          51.322         189.098    129.7
 210.0   5.000E+00  0.4676   1.18971E-06          56.593         181.020    132.9
 220.0   5.000E+00  0.4817   4.48631E-06          58.809         176.208    134.2
 230.0   5.000E+00  0.4803   1.50733E-05          58.992         176.707    134.3
 240.0   5.000E+00  0.4782   4.57783E-05          59.423         177.417    134.5
 250.0   5.000E+00  0.4739   1.27201E-04          59.993         178.879    134.8
 260.0   5.000E+00  0.4694   3.26684E-04          61.036         180.418    135.4
 270.0   5.000E+00  0.4630   7.82173E-04          62.459         182.586    136.2
 280.0   5.000E+00  0.4556   1.67060E-03          64.488         185.088    137.3
 290.0   5.000E+00  0.4473   3.22236E-03          67.209         187.929    138.7
 300.0   5.000E+00  0.4382   5.90989E-03          70.909         191.013    140.6
 310.0   5.000E+00  0.4282   1.03512E-02          76.054         194.425    143.1
 320.0   5.000E+00  0.4171   1.73746E-02          83.286         198.202    146.4
 330.0   5.000E+00  0.4039   2.80235E-02          93.582         202.659    150.7
 340.0   5.000E+00  0.3886   4.35203E-02         107.564         207.859    156.0
 350.0   5.000E+00  0.3716   6.51650E-02         125.997         213.668    162.3
 360.0   5.000E+00  0.3536   9.41611E-02         150.080         219.766    169.6
 370.0   5.000E+00  0.3364   1.31374E-01         176.475         225.636    176.6
 380.0   5.000E+00  0.3208   1.77066E-01         197.998         230.912    181.7
 390.0   5.000E+00  0.3075   2.30695E-01         214.132         235.449    185.3
 150.0   1.000E+01  0.5447   5.48828E-12          66.536         154.793    138.4
 160.0   1.000E+01  0.4830   7.06485E-11          27.562         175.795    111.0
 170.0   1.000E+01  0.4830   6.73319E-10          27.747         175.793    111.2
 180.0   1.000E+01  0.4825   4.99514E-09          32.659         175.960    115.8
 190.0   1.000E+01  0.4830   3.00097E-08          38.804         175.775    120.9
 200.0   1.000E+01  0.4882   1.50697E-07          46.108         174.018    126.3
 210.0   1.000E+01  0.5011   6.48932E-07          52.220         169.616    130.2
 220.0   1.000E+01  0.5192   2.44708E-06          56.626         163.473    132.9
 230.0   1.000E+01  0.5349   8.22187E-06          59.427         158.118    134.5
 240.0   1.000E+01  0.5375   2.49705E-05          59.976         157.246    134.8
 250.0   1.000E+01  0.5355   6.93864E-05          60.001         157.941    134.8
 260.0   1.000E+01  0.5318   1.78218E-04          60.048         159.185    134.9
 270.0   1.000E+01  0.5273   4.26792E-04          60.303         160.723    135.0
 280.0   1.000E+01  0.5210   9.11930E-04          60.644         162.860    135.2
 290.0   1.000E+01  0.5135   1.76023E-03          61.255         165.397    135.5
 300.0   1.000E+01  0.5052   3.23226E-03          62.292         168.224    136.1
 310.0   1.000E+01  0.4962   5.67280E-03          63.989         171.303    137.0
 320.0   1.000E+01  0.4859   9.55247E-03          66.611         174.790    138.4
 330.0   1.000E+01  0.4738   1.54828E-02          70.645         178.921    140.5
 340.0   1.000E+01  0.4594   2.42174E-02          76.848         183.794    143.4
 350.0   1.000E+01  0.4426   3.66296E-02          86.337         189.520    147.7
 360.0   1.000E+01  0.4235   5.36572E-02          99.850         195.999    153.2
 370.0   1.000E+01  0.4024   7.62092E-02         118.042         203.183    159.7
 380.0   1.000E+01  0.3808   1.05035E-01         141.546         210.519    167.1
 390.0   1.000E+01  0.3602   1.40574E-01         168.647         217.527    174.6
 150.0   1.500E+01  0.5751   3.77319E-12          52.425         144.458    130.4
 160.0   1.500E+01  0.5217   4.85708E-11          24.098         162.610    107.3
 170.0   1.500E+01  0.5216   4.62907E-10          24.587         162.660    107.9
 180.0   1.500E+01  0.5206   3.43416E-09          29.019         162.987    112.5
 190.0   1.500E+01  0.5195   2.06317E-08          34.473         163.363    117.4
 200.0   1.500E+01  0.5207   1.03604E-07          41.418         162.974    122.9
 210.0   1.500E+01  0.5274   4.46141E-07          48.741         160.700    128.0
 220.0   1.500E+01  0.5391   1.68237E-06          53.701         156.711    131.2
 230.0   1.500E+01  0.5507   5.65255E-06          56.750         152.772    133.0
 240.0   1.500E+01  0.5630   1.71673E-05          59.398         148.576    134.5
 250.0   1.500E+01  0.5673   4.77042E-05          60.345         147.133    135.0
 260.0   1.500E+01  0.5660   1.22531E-04          60.426         147.569    135.1
 270.0   1.500E+01  0.5628   2.93458E-04          60.471         148.631    135.1
 280.0   1.500E+01  0.5578   6.27130E-04          60.486         150.333    135.1
 290.0   1.500E+01  0.5516   1.21082E-03          60.626         152.460    135.2
 300.0   1.500E+01  0.5443   2.22442E-03          60.939         154.924    135.4
 310.0   1.500E+01  0.5364   3.90698E-03          61.454         157.623    135.7
 320.0   1.500E+01  0.5267   6.58699E-03          62.407         160.919    136.2
 330.0   1.500E+01  0.5155   1.06962E-02          64.120         164.728    137.1
 340.0   1.500E+01  0.5025   1.67764E-02          67.000         169.145    138.6
 350.0   1.500E+01  0.4867   2.54744E-02          71.697         174.516    141.0
 360.0   1.500E+01  0.4685   3.75184E-02          79.287         180.722    144.6
 370.0   1.500E+01  0.4476   5.36720E-02          90.871         187.809    149.6
 380.0   1.500E+01  0.4252   7.46624E-02         107.003         195.441    155.8
 390.0   1.500E+01  0.4016   1.01085E-01         128.020         203.465    163.0
 150.0   2.000E+01  0.5955   2.87481E-12          39.803         137.527    121.7
 160.0   2.000E+01  0.5506   3.70064E-11          21.568         152.805    104.4
 170.0   2.000E+01  0.5503   3.52691E-10          22.204         152.884    105.2
 180.0   2.000E+01  0.5493   2.61650E-09          25.845         153.239    109.2
 190.0   2.000E+01  0.5475   1.57194E-08          31.035         153.854    114.4
 200.0   2.000E+01  0.5464   7.89364E-08          37.531         154.211    119.9
 210.0   2.000E+01  0.5491   3.39917E-07          45.430         153.315    125.8
 220.0   2.000E+01  0.5564   1.28181E-06          51.170         150.837    129.6
 230.0   2.000E+01  0.5647   4.30671E-06          54.510         147.985    131.6
 240.0   2.000E+01  0.5742   1.30799E-05          57.349         144.760    133.3
 250.0   2.000E+01  0.5840   3.63465E-05          59.864         141.454    134.8
 260.0   2.000E+01  0.5864   9.33600E-05          60.619         140.610    135.2
 270.0   2.000E+01  0.5847   2.23603E-04          60.689         141.193    135.2
 280.0   2.000E+01  0.5814   4.77885E-04          60.694         142.333    135.2
 290.0   2.000E+01  0.5765   9.22799E-04          60.739         144.004    135.3
 300.0   2.000E+01  0.5700   1.69570E-03          60.741         146.194    135.3
 310.0   2.000E+01  0.5629   2.97951E-03          60.990         148.624    135.4
 320.0   2.000E+01  0.5540   5.02654E-03          61.289         151.631    135.6
 330.0   2.000E+01  0.5438   8.17027E-03          62.049         155.110    136.0
 340.0   2.000E+01  0.5316   1.28333E-02          63.354         159.249    136.7
 350.0   2.000E+01  0.5173   1.95275E-02          65.838         164.121    138.0
 360.0   2.000E+01  0.5001   2.88431E-02          69.998         169.951    140.1
 370.0   2.000E+01  0.4812   4.14223E-02          76.883         176.401    143.5
 380.0   2.000E+01  0.4591   5.79152E-02          87.846         183.914    148.3
 390.0   2.000E+01  0.4351   7.89168E-02         103.571         192.080    154.6
 150.0   2.500E+01  0.6104   2.32196E-12          32.205         132.476    115.4
 160.0   2.500E+01  0.5733   2.98898E-11          20.107         145.072    102.6
 170.0   2.500E+01  0.5731   2.84866E-10          20.905         145.160    103.6
 180.0   2.500E+01  0.5720   2.11333E-09          23.629         145.517    106.8
 190.0   2.500E+01  0.5699   1.26964E-08          28.059         146.221    111.5
 200.0   2.500E+01  0.5676   6.37563E-08          34.305         147.020    117.3
 210.0   2.500E+01  0.5674   2.74548E-07          42.207         147.077    123.5
 220.0   2.500E+01  0.5714   1.03531E-06          48.829         145.721    128.1
 230.0   2.500E+01  0.5773   3.47850E-06          52.492         143.729    130.4
 240.0   2.500E+01  0.5844   1.05646E-05          55.568         141.314    132.3
 250.0   2.500E+01  0.5919   2.93570E-05          58.214         138.739    133.8
 260.0   2.500E+01  0.5995   7.54075E-05          60.587         136.155    135.2
 270.0   2.500E+01  0.5993   1.80610E-04          60.792         136.253    135.3
 280.0   2.500E+01  0.5969   3.86019E-04          60.819         137.049    135.3
 290.0   2.500E+01  0.5932   7.45470E-04          60.830         138.323    135.3
 300.0   2.500E+01  0.5883   1.37005E-03          60.896         139.993    135.3
 310.0   2.500E+01  0.5818   2.40791E-03          60.908         142.182    135.4
 320.0   2.500E+01  0.5741   4.06383E-03          61.049         144.808    135.4
 330.0   2.500E+01  0.5646   6.60945E-03          61.273         148.051    135.6
 340.0   2.500E+01  0.5535   1.03910E-02          61.942         151.823    135.9
 350.0   2.500E+01  0.5402   1.58317E-02          63.169         156.340    136.6
 360.0   2.500E+01  0.5244   2.34263E-02          65.568         161.701    137.9
 370.0   2.500E+01  0.5063   3.37251E-02          69.752         167.857    140.0
 380.0   2.500E+01  0.4854   4.73045E-02          76.860         174.974    143.5
 390.0   2.500E+01  0.4623   6.47227E-02          88.070         182.805    148.4
 150.0   3.000E+01  0.5916   1.94745E-12          27.454         138.856    110.9
 160.0   3.000E+01  0.5923   2.50688E-11          19.265         138.619    101.5
 170.0   3.000E+01  0.5917   2.38920E-10          20.335         138.808    102.9
 180.0   3.000E+01  0.5907   1.77247E-09          22.700         139.165    105.8
 190.0   3.000E+01  0.5886   1.06486E-08          26.325         139.890    109.7
 200.0   3.000E+01  0.5855   5.34730E-08          31.999         140.925    115.2
 210.0   3.000E+01  0.5834   2.30266E-07          39.392         141.641    121.4
 220.0   3.000E+01  0.5848   8.68321E-07          46.581         141.151    126.6
 230.0   3.000E+01  0.5887   2.91745E-06          50.678         139.832    129.3
 240.0   3.000E+01  0.5938   8.86064E-06          53.936         138.120    131.3
 250.0   3.000E+01  0.5994   2.46221E-05          56.743         136.200    133.0
 260.0   3.000E+01  0.6053   6.32458E-05          59.206         134.209    134.4
 270.0   3.000E+01  0.6091   1.51484E-04          60.857         132.899    135.3
 280.0   3.000E+01  0.6079   3.23778E-04          60.932         133.323    135.4
 290.0   3.000E+01  0.6049   6.25308E-04          60.866         134.321    135.3
 300.0   3.000E+01  0.6011   1.14933E-03          60.992         135.637    135.4
 310.0   3.000E+01  0.5956   2.02032E-03          60.991         137.490    135.4
 320.0   3.000E+01  0.5886   3.41061E-03          61.009         139.892    135.4
 330.0   3.000E+01  0.5803   5.54932E-03          61.073         142.702    135.4
 340.0   3.000E+01  0.5699   8.72966E-03          61.303         146.227    135.6
 350.0   3.000E+01  0.5578   1.33122E-02          62.014         150.338    136.0
 360.0   3.000E+01  0.5434   1.97224E-02          63.372         155.235    136.7
 370.0   3.000E+01  0.5265   2.84403E-02          65.937         160.974    138.1
 380.0   3.000E+01  0.5070   3.99798E-02          70.517         167.634    140.4
 390.0   3.000E+01  0.4848   5.48562E-02          78.209         175.152    144.1
 150.0   3.500E+01  0.6075   1.67697E-12          24.949         133.466    108.3
 160.0   3.500E+01  0.6081   2.15870E-11          18.696         133.240    100.7
 170.0   3.500E+01  0.6075   2.05736E-10          19.811         133.437    102.2
 180.0   3.500E+01  0.6065   1.52629E-09          21.820         133.800    104.7
 190.0   3.500E+01  0.6043   9.16963E-09          24.569         134.536    107.9
 200.0   3.500E+01  0.6008   4.60462E-08          29.608         135.729    113.0
 210.0   3.500E+01  0.5972   1.98285E-07          36.784         136.944    119.3
 220.0   3.500E+01  0.5966   7.47721E-07          44.226         137.139    124.9
 230.0   3.500E+01  0.5988   2.51225E-06          48.866         136.399    128.1
 240.0   3.500E+01  0.6022   7.63000E-06          52.418         135.244    130.4
 250.0   3.500E+01  0.6063   2.12024E-05          55.409         133.872    132.2
 260.0   3.500E+01  0.6107   5.44621E-05          57.954         132.378    133.7
 270.0   3.500E+01  0.6148   1.30447E-04          60.256         130.958    135.0
 280.0   3.500E+01  0.6156   2.78822E-04          60.967         130.695    135.4
 290.0   3.500E+01  0.6138   5.38506E-04          60.992         131.305    135.4
 300.0   3.500E+01  0.6106   9.89856E-04          61.022         132.402    135.4
 310.0   3.500E+01  0.6061   1.74021E-03          61.051         133.932    135.4
 320.0   3.500E+01  0.6002   2.93830E-03          61.119         135.948    135.5
 330.0   3.500E+01  0.5924   4.78227E-03          61.105         138.573    135.5
 340.0   3.500E+01  0.5829   7.52633E-03          61.136         141.819    135.5
 350.0   3.500E+01  0.5715   1.14845E-02          61.451         145.703    135.7
 360.0   3.500E+01  0.5583   1.70298E-02          62.326         150.187    136.1
 370.0   3.500E+01  0.5422   2.45874E-02          63.798         155.661    136.9
 380.0   3.500E+01  0.5241   3.46193E-02          66.827         161.788    138.5
 390.0   3.500E+01  0.5033   4.76000E-02          72.184         168.869    141.2
