 TGO        PCO2     PALB      FH2O             FTIR(1)         FTSO(1)      TSTRAT
 150.0   1.000E-05  0.2573   9.99995E-41          26.163         252.530    109.6
 160.0   1.000E-05  0.2573   9.99995E-41          34.015         252.527    117.0
 170.0   1.000E-05  0.2573   9.99995E-41          43.463         252.530    124.4
 180.0   1.000E-05  0.2572   9.99995E-41          54.729         252.535    131.8
 190.0   1.000E-05  0.2572   9.99995E-41          68.046         252.539    139.2
 200.0   1.000E-05  0.2572   9.99995E-41          83.658         252.543    146.5
 210.0   1.000E-05  0.2572   9.99995E-41         101.828         252.547    153.9
 220.0   1.000E-05  0.2572   9.99995E-41         122.840         252.550    161.3
 230.0   1.000E-05  0.2572   9.99995E-41         146.978         252.554    168.7
 240.0   1.000E-05  0.2572   9.99995E-41         174.536         252.557    176.1
 250.0   1.000E-05  0.2572   9.99995E-41         205.820         252.560    183.5
 260.0   1.000E-05  0.2572   9.99995E-41         241.151         252.563    190.9
 270.0   1.000E-05  0.2255   4.67471E-03         223.503         263.320    187.3
 280.0   1.000E-05  0.2168   9.94048E-03         242.912         266.301    191.3
 290.0   1.000E-05  0.2062   1.90274E-02         257.364         269.902    194.1
 300.0   1.000E-05  0.1939   3.44412E-02         266.206         274.064    195.7
 310.0   1.000E-05  0.1817   5.90504E-02         270.927         278.226    196.6
 320.0   1.000E-05  0.1711   9.59141E-02         273.832         281.809    197.1
 330.0   1.000E-05  0.1631   1.47476E-01         274.596         284.556    197.2
 340.0   1.000E-05  0.1569   2.14454E-01         273.037         286.650    196.9
 350.0   1.000E-05  0.1520   2.94901E-01         273.337         288.312    197.0
 360.0   1.000E-05  0.1486   3.84118E-01         274.363         289.460    197.2
 370.0   1.000E-05  0.1471   4.75739E-01         275.518         289.991    197.4
 380.0   1.000E-05  0.1472   5.63504E-01         276.510         289.942    197.6
 390.0   1.000E-05  0.1490   6.42758E-01         277.297         289.354    197.7
 150.0   1.000E-04  0.2563   9.99995E-41         100.832         252.873    153.5
 160.0   1.000E-04  0.2564   9.99995E-41          36.044         252.836    118.7
 170.0   1.000E-04  0.2563   9.99995E-41          42.590         252.853    123.8
 180.0   1.000E-04  0.2563   9.99995E-41          53.433         252.858    131.0
 190.0   1.000E-04  0.2563   9.99995E-41          66.270         252.859    138.2
 200.0   1.000E-04  0.2563   9.99995E-41          81.279         252.859    145.5
 210.0   1.000E-04  0.2563   9.99995E-41          98.708         252.858    152.7
 220.0   1.000E-04  0.2563   9.99995E-41         118.819         252.857    160.0
 230.0   1.000E-04  0.2563   9.99995E-41         141.878         252.856    167.2
 240.0   1.000E-04  0.2563   9.99995E-41         168.192         252.855    174.5
 250.0   1.000E-04  0.2563   9.99995E-41         198.064         252.854    181.8
 260.0   1.000E-04  0.2563   9.99995E-41         231.813         252.854    189.0
 270.0   1.000E-04  0.2252   4.67429E-03         213.993         263.419    185.3
 280.0   1.000E-04  0.2165   9.93959E-03         233.039         266.386    189.3
 290.0   1.000E-04  0.2060   1.90257E-02         248.167         269.967    192.3
 300.0   1.000E-04  0.1938   3.44383E-02         257.017         274.103    194.0
 310.0   1.000E-04  0.1816   5.90454E-02         263.223         278.242    195.2
 320.0   1.000E-04  0.1711   9.59063E-02         268.702         281.813    196.2
 330.0   1.000E-04  0.1631   1.47464E-01         272.002         284.556    196.8
 340.0   1.000E-04  0.1569   2.14439E-01         271.728         286.648    196.7
 350.0   1.000E-04  0.1520   2.94883E-01         272.561         288.310    196.9
 360.0   1.000E-04  0.1486   3.84097E-01         273.822         289.458    197.1
 370.0   1.000E-04  0.1471   4.75717E-01         275.099         289.989    197.3
 380.0   1.000E-04  0.1472   5.63482E-01         276.162         289.940    197.5
 390.0   1.000E-04  0.1490   6.42738E-01         276.993         289.352    197.7
 150.0   1.000E-03  0.2543   9.99995E-41         120.153         253.529    160.4
 160.0   1.000E-03  0.2548   9.99995E-41          37.069         253.353    119.5
 170.0   1.000E-03  0.2549   9.99995E-41          41.174         253.340    122.7
 180.0   1.000E-03  0.2548   9.99995E-41          51.231         253.361    129.6
 190.0   1.000E-03  0.2548   9.99995E-41          63.228         253.372    136.6
 200.0   1.000E-03  0.2548   9.99995E-41          77.425         253.371    143.7
 210.0   1.000E-03  0.2548   9.99995E-41          93.931         253.372    150.8
 220.0   1.000E-03  0.2548   9.99995E-41         112.998         253.374    158.0
 230.0   1.000E-03  0.2548   9.99995E-41         134.833         253.378    165.1
 240.0   1.000E-03  0.2547   9.99995E-41         159.775         253.385    172.3
 250.0   1.000E-03  0.2547   9.99995E-41         188.118         253.394    179.4
 260.0   1.000E-03  0.2547   9.99995E-41         220.171         253.406    186.6
 270.0   1.000E-03  0.2242   4.67011E-03         202.400         263.772    182.7
 280.0   1.000E-03  0.2156   9.93074E-03         221.040         266.699    186.8
 290.0   1.000E-03  0.2053   1.90090E-02         235.880         270.209    189.9
 300.0   1.000E-03  0.1934   3.44084E-02         245.306         274.244    191.7
 310.0   1.000E-03  0.1815   5.89954E-02         252.350         278.301    193.1
 320.0   1.000E-03  0.1711   9.58283E-02         260.290         281.824    194.6
 330.0   1.000E-03  0.1631   1.47351E-01         266.299         284.545    195.7
 340.0   1.000E-03  0.1570   2.14287E-01         269.162         286.632    196.2
 350.0   1.000E-03  0.1521   2.94696E-01         270.791         288.292    196.5
 360.0   1.000E-03  0.1487   3.83884E-01         272.585         289.439    196.9
 370.0   1.000E-03  0.1471   4.75493E-01         274.142         289.969    197.1
 380.0   1.000E-03  0.1473   5.63261E-01         275.368         289.920    197.4
 390.0   1.000E-03  0.1490   6.42531E-01         276.302         289.332    197.5
 150.0   1.000E-02  0.2516   9.99995E-41         150.089         254.463    169.6
 160.0   1.000E-02  0.2528   9.99995E-41          39.886         254.043    121.8
 170.0   1.000E-02  0.2531   9.99995E-41          40.015         253.935    121.9
 180.0   1.000E-02  0.2530   9.99995E-41          49.304         253.991    128.4
 190.0   1.000E-02  0.2529   9.99995E-41          60.333         254.029    135.0
 200.0   1.000E-02  0.2528   9.99995E-41          73.250         254.062    141.7
 210.0   1.000E-02  0.2527   9.99995E-41          88.502         254.091    148.6
 220.0   1.000E-02  0.2526   9.99995E-41         106.417         254.118    155.6
 230.0   1.000E-02  0.2525   9.99995E-41         126.930         254.150    162.6
 240.0   1.000E-02  0.2524   9.99995E-41         150.330         254.185    169.6
 250.0   1.000E-02  0.2523   9.99995E-41         176.881         254.219    176.7
 260.0   1.000E-02  0.2522   9.99995E-41         206.829         254.254    183.7
 270.0   1.000E-02  0.2230   4.62868E-03         188.582         264.195    179.5
 280.0   1.000E-02  0.2145   9.84312E-03         205.798         267.071    183.5
 290.0   1.000E-02  0.2044   1.88428E-02         220.266         270.499    186.7
 300.0   1.000E-02  0.1929   3.41122E-02         230.253         274.410    188.7
 310.0   1.000E-02  0.1814   5.85005E-02         238.785         278.329    190.5
 320.0   1.000E-02  0.1714   9.50556E-02         248.014         281.732    192.3
 330.0   1.000E-02  0.1636   1.46230E-01         256.691         284.387    193.9
 340.0   1.000E-02  0.1575   2.12784E-01         263.384         286.452    195.2
 350.0   1.000E-02  0.1526   2.92839E-01         267.071         288.101    195.9
 360.0   1.000E-02  0.1493   3.81769E-01         269.891         289.241    196.4
 370.0   1.000E-02  0.1477   4.73261E-01         272.048         289.769    196.8
 380.0   1.000E-02  0.1479   5.61058E-01         273.644         289.720    197.1
 390.0   1.000E-02  0.1496   6.40473E-01         274.812         289.134    197.3
 150.0   1.000E-01  0.2527   9.99995E-41         189.036         254.080    179.7
 160.0   1.000E-01  0.2541   9.99995E-41          46.301         253.593    126.4
 170.0   1.000E-01  0.2533   9.99995E-41          39.687         253.863    121.6
 180.0   1.000E-01  0.2534   9.99995E-41          47.288         253.848    127.1
 190.0   1.000E-01  0.2535   9.99995E-41          56.508         253.824    132.8
 200.0   1.000E-01  0.2535   9.99995E-41          67.401         253.804    138.8
 210.0   1.000E-01  0.2536   9.99995E-41          80.160         253.785    145.0
 220.0   1.000E-01  0.2536   9.99995E-41          94.962         253.767    151.2
 230.0   1.000E-01  0.2537   9.99995E-41         111.919         253.738    157.6
 240.0   1.000E-01  0.2537   9.99995E-41         131.343         253.742    164.0
 250.0   1.000E-01  0.2536   9.99995E-41         153.452         253.786    170.5
 260.0   1.000E-01  0.2534   9.99995E-41         178.165         253.830    177.0
 270.0   1.000E-01  0.2259   4.25158E-03         162.817         263.189    173.1
 280.0   1.000E-01  0.2178   9.04506E-03         178.653         265.963    177.1
 290.0   1.000E-01  0.2081   1.73278E-02         193.312         269.248    180.7
 300.0   1.000E-01  0.1972   3.14089E-02         206.063         272.966    183.6
 310.0   1.000E-01  0.1862   5.39724E-02         217.841         276.691    186.1
 320.0   1.000E-01  0.1767   8.79624E-02         230.006         279.936    188.7
 330.0   1.000E-01  0.1691   1.35892E-01         242.468         282.502    191.2
 340.0   1.000E-01  0.1631   1.98836E-01         252.767         284.542    193.2
 350.0   1.000E-01  0.1583   2.75479E-01         260.224         286.175    194.6
 360.0   1.000E-01  0.1550   3.61836E-01         264.880         287.309    195.5
 370.0   1.000E-01  0.1534   4.52043E-01         268.149         287.849    196.1
 380.0   1.000E-01  0.1535   5.39939E-01         270.473         287.825    196.5
 390.0   1.000E-01  0.1551   6.20591E-01         272.144         287.276    196.8
 150.0   1.000E+00  0.2909   9.99995E-41         207.997         241.080    184.0
 160.0   1.000E+00  0.2937   9.99995E-41          56.056         240.156    132.6
 170.0   1.000E+00  0.2740   9.99995E-41          38.992         246.854    121.1
 180.0   1.000E+00  0.2772   9.99995E-41          46.806         245.746    126.7
 190.0   1.000E+00  0.2894   9.99995E-41          54.946         241.590    131.9
 200.0   1.000E+00  0.2921   9.99995E-41          60.791         240.671    135.3
 210.0   1.000E+00  0.2922   9.99995E-41          67.636         240.652    138.9
 220.0   1.000E+00  0.2922   9.99995E-41          75.952         240.657    143.0
 230.0   1.000E+00  0.2922   9.99995E-41          85.713         240.655    147.4
 240.0   1.000E+00  0.2921   9.99995E-41          96.962         240.671    152.0
 250.0   1.000E+00  0.2919   9.99995E-41         109.798         240.737    156.8
 260.0   1.000E+00  0.2917   9.99995E-41         124.279         240.808    161.8
 270.0   1.000E+00  0.2687   2.34285E-03         112.789         248.636    157.9
 280.0   1.000E+00  0.2614   4.99511E-03         122.911         251.122    161.3
 290.0   1.000E+00  0.2528   9.60518E-03         134.035         254.039    164.9
 300.0   1.000E+00  0.2430   1.75225E-02         146.833         257.392    168.7
 310.0   1.000E+00  0.2326   3.04237E-02         162.504         260.909    173.0
 320.0   1.000E+00  0.2229   5.03733E-02         181.372         264.220    177.8
 330.0   1.000E+00  0.2145   7.96088E-02         201.773         267.076    182.6
 340.0   1.000E+00  0.2073   1.20107E-01         220.352         269.531    186.7
 350.0   1.000E+00  0.2011   1.72954E-01         236.435         271.630    190.0
 360.0   1.000E+00  0.1962   2.37716E-01         249.289         273.292    192.5
 370.0   1.000E+00  0.1929   3.12114E-01         258.456         274.425    194.3
 380.0   1.000E+00  0.1910   3.92279E-01         264.016         275.057    195.3
 390.0   1.000E+00  0.1905   4.73579E-01         267.809         275.215    196.0
 150.0   2.000E+00  0.3248   9.99995E-41         143.041         229.568    167.6
 160.0   2.000E+00  0.3270   9.99995E-41          42.965         228.814    124.0
 170.0   2.000E+00  0.2932   9.99995E-41          37.405         240.305    119.8
 180.0   2.000E+00  0.2947   9.99995E-41          45.438         239.813    125.8
 190.0   2.000E+00  0.3033   9.99995E-41          53.452         236.865    131.0
 200.0   2.000E+00  0.3227   9.99995E-41          61.203         230.286    135.5
 210.0   2.000E+00  0.3248   9.99995E-41          65.455         229.561    137.8
 220.0   2.000E+00  0.3251   9.99995E-41          70.625         229.458    140.5
 230.0   2.000E+00  0.3251   9.99995E-41          77.012         229.460    143.5
 240.0   2.000E+00  0.3249   9.99995E-41          84.655         229.543    147.0
 250.0   2.000E+00  0.3247   9.99995E-41          93.549         229.591    150.7
 260.0   2.000E+00  0.3245   9.99995E-41         103.810         229.680    154.7
 270.0   2.000E+00  0.3030   1.56312E-03          95.235         236.974    151.4
 280.0   2.000E+00  0.2961   3.33563E-03         102.725         239.332    154.2
 290.0   2.000E+00  0.2880   6.42402E-03         111.174         242.080    157.3
 300.0   2.000E+00  0.2788   1.17503E-02         121.021         245.212    160.7
 310.0   2.000E+00  0.2691   2.04903E-02         133.136         248.505    164.6
 320.0   2.000E+00  0.2593   3.41557E-02         149.032         251.840    169.3
 330.0   2.000E+00  0.2502   5.45192E-02         169.157         254.929    174.7
 340.0   2.000E+00  0.2417   8.34105E-02         192.239         257.809    180.4
 350.0   2.000E+00  0.2339   1.22357E-01         213.600         260.485    185.2
 360.0   2.000E+00  0.2270   1.72116E-01         231.404         262.829    189.0
 370.0   2.000E+00  0.2215   2.32237E-01         245.851         264.690    191.8
 380.0   2.000E+00  0.2174   3.00860E-01         256.484         266.068    193.9
 390.0   2.000E+00  0.2147   3.74901E-01         263.067         266.991    195.1
 150.0   3.000E+00  0.3507   9.99995E-41         120.980         220.771    160.7
 160.0   3.000E+00  0.3526   9.99995E-41          37.532         220.114    119.9
 170.0   3.000E+00  0.3098   9.99995E-41          36.106         234.679    118.8
 180.0   3.000E+00  0.3103   9.99995E-41          44.067         234.487    124.8
 190.0   3.000E+00  0.3166   9.99995E-41          52.135         232.346    130.2
 200.0   3.000E+00  0.3327   9.99995E-41          59.739         226.869    134.7
 210.0   3.000E+00  0.3499   9.99995E-41          65.365         221.046    137.8
 220.0   3.000E+00  0.3502   9.99995E-41          68.625         220.938    139.4
 230.0   3.000E+00  0.3504   9.99995E-41          72.889         220.852    141.6
 240.0   3.000E+00  0.3502   9.99995E-41          78.214         220.937    144.1
 250.0   3.000E+00  0.3500   9.99995E-41          84.654         221.014    147.0
 260.0   3.000E+00  0.3500   9.99995E-41          92.224         221.008    150.1
 270.0   3.000E+00  0.3295   1.17280E-03          85.266         227.982    147.2
 280.0   3.000E+00  0.3230   2.50381E-03          91.065         230.192    149.7
 290.0   3.000E+00  0.3151   4.82577E-03          97.925         232.856    152.4
 300.0   3.000E+00  0.3063   8.83871E-03         106.149         235.873    155.5
 310.0   3.000E+00  0.2968   1.54468E-02         116.295         239.073    159.1
 320.0   3.000E+00  0.2873   2.58374E-02         129.112         242.325    163.3
 330.0   3.000E+00  0.2778   4.14544E-02         145.927         245.534    168.4
 340.0   3.000E+00  0.2686   6.38901E-02         167.527         248.667    174.3
 350.0   3.000E+00  0.2595   9.46632E-02         192.056         251.774    180.4
 360.0   3.000E+00  0.2509   1.34891E-01         214.185         254.692    185.3
 370.0   3.000E+00  0.2436   1.84914E-01         232.315         257.192    189.2
 380.0   3.000E+00  0.2376   2.43997E-01         246.365         259.214    191.9
 390.0   3.000E+00  0.2330   3.10255E-01         256.984         260.779    194.0
 150.0   4.000E+00  0.3716   9.99995E-41         106.178         213.665    155.5
 160.0   4.000E+00  0.3247   9.99995E-41          34.940         229.615    117.8
 170.0   4.000E+00  0.3243   9.99995E-41          35.030         229.746    117.9
 180.0   4.000E+00  0.3244   9.99995E-41          42.739         229.717    123.9
 190.0   4.000E+00  0.3290   9.99995E-41          50.932         228.152    129.4
 200.0   4.000E+00  0.3426   9.99995E-41          58.433         223.524    134.0
 210.0   4.000E+00  0.3672   9.99995E-41          65.446         215.136    137.8
 220.0   4.000E+00  0.3709   9.99995E-41          68.003         213.892    139.1
 230.0   4.000E+00  0.3706   9.99995E-41          70.790         214.001    140.5
 240.0   4.000E+00  0.3709   9.99995E-41          74.560         213.909    142.4
 250.0   4.000E+00  0.3709   9.99995E-41          79.281         213.882    144.6
 260.0   4.000E+00  0.3707   9.99995E-41          85.017         213.960    147.1
 270.0   4.000E+00  0.3510   9.38461E-04          79.006         220.657    144.4
 280.0   4.000E+00  0.3446   2.00405E-03          83.629         222.818    146.5
 290.0   4.000E+00  0.3369   3.86434E-03          89.307         225.461    148.9
 300.0   4.000E+00  0.3285   7.08349E-03          96.165         228.325    151.7
 310.0   4.000E+00  0.3193   1.23958E-02         104.889         231.444    155.1
 320.0   4.000E+00  0.3098   2.07773E-02         115.891         234.662    159.0
 330.0   4.000E+00  0.3003   3.34408E-02         130.072         237.900    163.6
 340.0   4.000E+00  0.2907   5.17737E-02         148.556         241.155    169.1
 350.0   4.000E+00  0.2807   7.71920E-02         172.017         244.545    175.5
 360.0   4.000E+00  0.2709   1.10905E-01         197.221         247.907    181.6
 370.0   4.000E+00  0.2619   1.53612E-01         218.724         250.947    186.3
 380.0   4.000E+00  0.2543   2.05212E-01         235.991         253.533    189.9
 390.0   4.000E+00  0.2481   2.64624E-01         249.162         255.651    192.5
 150.0   5.000E+00  0.3891   9.99995E-41          94.709         207.717    151.1
 160.0   5.000E+00  0.3375   9.99995E-41          33.206         225.241    116.3
 170.0   5.000E+00  0.3372   9.99995E-41          34.074         225.367    117.1
 180.0   5.000E+00  0.3370   9.99995E-41          41.535         225.420    123.0
 190.0   5.000E+00  0.3404   9.99995E-41          49.773         224.275    128.7
 200.0   5.000E+00  0.3520   9.99995E-41          57.242         220.336    133.3
 210.0   5.000E+00  0.3741   9.99995E-41          64.205         212.801    137.1
 220.0   5.000E+00  0.3878   9.99995E-41          67.887         208.154    139.1
 230.0   5.000E+00  0.3882   9.99995E-41          69.817         208.019    140.0
 240.0   5.000E+00  0.3876   9.99995E-41          72.407         208.215    141.3
 250.0   5.000E+00  0.3881   9.99995E-41          75.955         208.059    143.0
 260.0   5.000E+00  0.3875   9.99995E-41          80.379         208.240    145.1
 270.0   5.000E+00  0.3689   7.82173E-04          75.013         214.577    142.6
 280.0   5.000E+00  0.3627   1.67060E-03          78.724         216.679    144.3
 290.0   5.000E+00  0.3553   3.22236E-03          83.341         219.196    146.4
 300.0   5.000E+00  0.3469   5.90989E-03          89.171         222.055    148.9
 310.0   5.000E+00  0.3381   1.03512E-02          96.612         225.059    151.9
 320.0   5.000E+00  0.3289   1.73746E-02         106.102         228.176    155.5
 330.0   5.000E+00  0.3193   2.80235E-02         118.460         231.443    159.8
 340.0   5.000E+00  0.3094   4.35203E-02         134.482         234.792    165.0
 350.0   5.000E+00  0.2990   6.51650E-02         155.222         238.353    171.0
 360.0   5.000E+00  0.2881   9.41611E-02         180.504         242.048    177.6
 370.0   5.000E+00  0.2778   1.31374E-01         205.310         245.530    183.4
 380.0   5.000E+00  0.2688   1.77066E-01         225.151         248.609    187.7
 390.0   5.000E+00  0.2611   2.30695E-01         241.122         251.216    190.9
 150.0   1.000E+01  0.4472   9.99995E-41          87.428         187.943    148.2
 160.0   1.000E+01  0.3840   9.99995E-41          31.278         209.436    114.6
 170.0   1.000E+01  0.3840   9.99995E-41          30.831         209.435    114.2
 180.0   1.000E+01  0.3838   9.99995E-41          36.985         209.507    119.5
 190.0   1.000E+01  0.3847   9.99995E-41          44.388         209.200    125.1
 200.0   1.000E+01  0.3904   9.99995E-41          52.255         207.267    130.3
 210.0   1.000E+01  0.4044   9.99995E-41          59.235         202.505    134.4
 220.0   1.000E+01  0.4242   9.99995E-41          64.934         195.763    137.5
 230.0   1.000E+01  0.4427   9.99995E-41          68.946         189.492    139.6
 240.0   1.000E+01  0.4457   9.99995E-41          69.973         188.446    140.1
 250.0   1.000E+01  0.4462   9.99995E-41          70.924         188.289    140.6
 260.0   1.000E+01  0.4463   9.99995E-41          72.374         188.265    141.3
 270.0   1.000E+01  0.4320   4.26792E-04          68.302         193.102    139.3
 280.0   1.000E+01  0.4264   9.11930E-04          69.449         195.031    139.9
 290.0   1.000E+01  0.4195   1.76023E-03          71.178         197.363    140.7
 300.0   1.000E+01  0.4115   3.23226E-03          73.677         200.095    141.9
 310.0   1.000E+01  0.4032   5.67280E-03          77.133         202.901    143.6
 320.0   1.000E+01  0.3946   9.55247E-03          81.877         205.824    145.7
 330.0   1.000E+01  0.3852   1.54828E-02          88.478         209.023    148.6
 340.0   1.000E+01  0.3751   2.42174E-02          97.511         212.453    152.2
 350.0   1.000E+01  0.3638   3.66296E-02         109.734         216.297    156.8
 360.0   1.000E+01  0.3514   5.36572E-02         125.648         220.519    162.2
 370.0   1.000E+01  0.3377   7.62092E-02         146.327         225.192    168.5
 380.0   1.000E+01  0.3241   1.05035E-01         171.938         229.808    175.4
 390.0   1.000E+01  0.3110   1.40574E-01         198.357         234.243    181.8
 150.0   1.500E+01  0.4819   9.99995E-41          58.636         176.151    134.1
 160.0   1.500E+01  0.4188   9.99995E-41          26.212         197.609    109.6
 170.0   1.500E+01  0.4187   9.99995E-41          27.479         197.647    110.9
 180.0   1.500E+01  0.4181   9.99995E-41          33.032         197.838    116.2
 190.0   1.500E+01  0.4177   9.99995E-41          39.817         197.976    121.7
 200.0   1.500E+01  0.4201   9.99995E-41          47.618         197.151    127.3
 210.0   1.500E+01  0.4291   9.99995E-41          55.331         194.122    132.1
 220.0   1.500E+01  0.4436   9.99995E-41          61.254         189.177    135.5
 230.0   1.500E+01  0.4579   9.99995E-41          65.357         184.307    137.8
 240.0   1.500E+01  0.4744   9.99995E-41          69.222         178.691    139.8
 250.0   1.500E+01  0.4810   9.99995E-41          70.922         176.464    140.6
 260.0   1.500E+01  0.4810   9.99995E-41          71.543         176.465    140.9
 270.0   1.500E+01  0.4711   2.93458E-04          67.680         179.826    139.0
 280.0   1.500E+01  0.4662   6.27130E-04          67.908         181.488    139.1
 290.0   1.500E+01  0.4604   1.21082E-03          68.482         183.473    139.4
 300.0   1.500E+01  0.4533   2.22442E-03          69.505         185.864    139.9
 310.0   1.500E+01  0.4457   3.90698E-03          71.095         188.452    140.7
 320.0   1.500E+01  0.4372   6.58699E-03          73.550         191.341    141.9
 330.0   1.500E+01  0.4282   1.06962E-02          77.162         194.399    143.6
 340.0   1.500E+01  0.4185   1.67764E-02          82.364         197.721    146.0
 350.0   1.500E+01  0.4071   2.54744E-02          89.979         201.582    149.2
 360.0   1.500E+01  0.3942   3.75184E-02         100.737         205.965    153.5
 370.0   1.500E+01  0.3796   5.36720E-02         115.195         210.945    158.7
 380.0   1.500E+01  0.3643   7.46624E-02         133.856         216.122    164.8
 390.0   1.500E+01  0.3484   1.01085E-01         157.504         221.528    171.6
 150.0   2.000E+01  0.5063   9.99995E-41          46.853         167.852    126.8
 160.0   2.000E+01  0.4457   9.99995E-41          23.930         188.456    107.2
 170.0   2.000E+01  0.4456   9.99995E-41          25.200         188.488    108.6
 180.0   2.000E+01  0.4451   9.99995E-41          29.703         188.680    113.1
 190.0   2.000E+01  0.4442   9.99995E-41          35.930         188.981    118.6
 200.0   2.000E+01  0.4448   9.99995E-41          43.492         188.771    124.4
 210.0   2.000E+01  0.4503   9.99995E-41          51.858         186.905    130.0
 220.0   2.000E+01  0.4610   9.99995E-41          58.220         183.259    133.8
 230.0   2.000E+01  0.4723   9.99995E-41          62.456         179.411    136.2
 240.0   2.000E+01  0.4859   9.99995E-41          66.414         174.789    138.3
 250.0   2.000E+01  0.5009   9.99995E-41          70.184         169.697    140.2
 260.0   2.000E+01  0.5054   9.99995E-41          71.579         168.179    140.9
 270.0   2.000E+01  0.4972   2.23603E-04          67.878         170.937    139.1
 280.0   2.000E+01  0.4935   4.77885E-04          67.907         172.223    139.1
 290.0   2.000E+01  0.4884   9.22799E-04          68.050         173.930    139.2
 300.0   2.000E+01  0.4819   1.69570E-03          68.335         176.145    139.3
 310.0   2.000E+01  0.4749   2.97951E-03          69.089         178.519    139.7
 320.0   2.000E+01  0.4671   5.02654E-03          70.268         181.202    140.3
 330.0   2.000E+01  0.4586   8.17027E-03          72.299         184.088    141.3
 340.0   2.000E+01  0.4489   1.28333E-02          75.397         187.360    142.8
 350.0   2.000E+01  0.4381   1.95275E-02          80.160         191.049    145.0
 360.0   2.000E+01  0.4253   2.88431E-02          87.269         195.381    148.1
 370.0   2.000E+01  0.4115   4.14223E-02          97.461         200.078    152.2
 380.0   2.000E+01  0.3954   5.79152E-02         111.592         205.551    157.5
 390.0   2.000E+01  0.3783   7.89168E-02         129.971         211.366    163.6
 150.0   2.500E+01  0.5249   9.99995E-41          40.607         161.537    122.3
 160.0   2.500E+01  0.4676   9.99995E-41          22.774         181.002    105.8
 170.0   2.500E+01  0.4676   9.99995E-41          23.983         181.030    107.2
 180.0   2.500E+01  0.4671   9.99995E-41          27.529         181.201    111.0
 190.0   2.500E+01  0.4660   9.99995E-41          32.683         181.546    115.8
 200.0   2.500E+01  0.4656   9.99995E-41          39.916         181.691    121.8
 210.0   2.500E+01  0.4687   9.99995E-41          48.486         180.636    127.8
 220.0   2.500E+01  0.4766   9.99995E-41          55.547         177.968    132.3
 230.0   2.500E+01  0.4855   9.99995E-41          59.958         174.924    134.8
 240.0   2.500E+01  0.4968   9.99995E-41          64.029         171.082    137.1
 250.0   2.500E+01  0.5095   9.99995E-41          67.875         166.756    139.1
 260.0   2.500E+01  0.5234   9.99995E-41          71.519         162.040    140.9
 270.0   2.500E+01  0.5163   1.80610E-04          68.011         164.451    139.1
 280.0   2.500E+01  0.5133   3.86019E-04          68.050         165.461    139.2
 290.0   2.500E+01  0.5090   7.45470E-04          68.080         166.946    139.2
 300.0   2.500E+01  0.5035   1.37005E-03          68.217         168.801    139.2
 310.0   2.500E+01  0.4969   2.40791E-03          68.434         171.041    139.4
 320.0   2.500E+01  0.4899   4.06383E-03          69.003         173.446    139.6
 330.0   2.500E+01  0.4818   6.60945E-03          70.019         176.201    140.2
 340.0   2.500E+01  0.4727   1.03910E-02          71.895         179.290    141.1
 350.0   2.500E+01  0.4621   1.58317E-02          74.911         182.883    142.5
 360.0   2.500E+01  0.4499   2.34263E-02          79.693         187.029    144.8
 370.0   2.500E+01  0.4360   3.37251E-02          86.846         191.767    147.9
 380.0   2.500E+01  0.4201   4.73045E-02          97.423         197.178    152.2
 390.0   2.500E+01  0.4029   6.47227E-02         111.888         203.020    157.6
 150.0   3.000E+01  0.5401   9.99995E-41          36.711         156.372    119.3
 160.0   3.000E+01  0.4861   9.99995E-41          22.083         174.727    105.0
 170.0   3.000E+01  0.4860   9.99995E-41          23.404         174.753    106.6
 180.0   3.000E+01  0.4856   9.99995E-41          26.565         174.908    110.0
 190.0   3.000E+01  0.4846   9.99995E-41          30.839         175.251    114.2
 200.0   3.000E+01  0.4836   9.99995E-41          37.372         175.582    119.8
 210.0   3.000E+01  0.4850   9.99995E-41          45.667         175.086    125.9
 220.0   3.000E+01  0.4907   9.99995E-41          53.239         173.171    130.9
 230.0   3.000E+01  0.4978   9.99995E-41          57.893         170.732    133.6
 240.0   3.000E+01  0.5072   9.99995E-41          62.009         167.566    136.0
 250.0   3.000E+01  0.5180   9.99995E-41          65.904         163.872    138.0
 260.0   3.000E+01  0.5301   9.99995E-41          69.601         159.768    139.9
 270.0   3.000E+01  0.5307   1.51484E-04          68.102         159.576    139.2
 280.0   3.000E+01  0.5288   3.23778E-04          68.189         160.201    139.2
 290.0   3.000E+01  0.5249   6.25308E-04          68.133         161.543    139.2
 300.0   3.000E+01  0.5202   1.14933E-03          68.293         163.134    139.3
 310.0   3.000E+01  0.5142   2.02032E-03          68.349         165.163    139.3
 320.0   3.000E+01  0.5075   3.41061E-03          68.545         167.462    139.4
 330.0   3.000E+01  0.5000   5.54932E-03          69.025         169.991    139.7
 340.0   3.000E+01  0.4912   8.72966E-03          70.056         172.981    140.2
 350.0   3.000E+01  0.4813   1.33122E-02          72.007         176.374    141.1
 360.0   3.000E+01  0.4696   1.97224E-02          75.223         180.339    142.7
 370.0   3.000E+01  0.4561   2.84403E-02          80.277         184.919    145.0
 380.0   3.000E+01  0.4407   3.99798E-02          88.039         190.169    148.4
 390.0   3.000E+01  0.4236   5.48562E-02          99.301         195.970    152.9
 150.0   3.500E+01  0.5524   9.99995E-41          34.136         152.171    117.1
 160.0   3.500E+01  0.5020   9.99995E-41          21.561         169.317    104.4
 170.0   3.500E+01  0.5019   9.99995E-41          22.880         169.344    106.0
 180.0   3.500E+01  0.5015   9.99995E-41          25.689         169.489    109.1
 190.0   3.500E+01  0.5005   9.99995E-41          29.090         169.827    112.5
 200.0   3.500E+01  0.4992   9.99995E-41          34.700         170.275    117.6
 210.0   3.500E+01  0.4994   9.99995E-41          42.888         170.201    124.0
 220.0   3.500E+01  0.5032   9.99995E-41          50.809         168.895    129.4
 230.0   3.500E+01  0.5088   9.99995E-41          55.820         166.999    132.4
 240.0   3.500E+01  0.5166   9.99995E-41          60.132         164.360    134.9
 250.0   3.500E+01  0.5259   9.99995E-41          64.113         161.203    137.1
 260.0   3.500E+01  0.5363   9.99995E-41          67.826         157.642    139.0
 270.0   3.500E+01  0.5387   1.30447E-04          67.457         156.838    138.9
 280.0   3.500E+01  0.5408   2.78822E-04          68.239         156.140    139.3
 290.0   3.500E+01  0.5379   5.38506E-04          68.282         157.100    139.3
 300.0   3.500E+01  0.5336   9.89856E-04          68.334         158.588    139.3
 310.0   3.500E+01  0.5282   1.74021E-03          68.389         160.401    139.3
 320.0   3.500E+01  0.5221   2.93830E-03          68.517         162.473    139.4
 330.0   3.500E+01  0.5149   4.78227E-03          68.680         164.936    139.5
 340.0   3.500E+01  0.5064   7.52633E-03          69.170         167.831    139.7
 350.0   3.500E+01  0.4966   1.14845E-02          70.363         171.153    140.3
 360.0   3.500E+01  0.4855   1.70298E-02          72.588         174.940    141.4
 370.0   3.500E+01  0.4722   2.45874E-02          76.216         179.460    143.2
 380.0   3.500E+01  0.4574   3.46193E-02          81.892         184.468    145.7
 390.0   3.500E+01  0.4408   4.76000E-02          90.605         190.121    149.5
