 TGO     PCO2       PALB     FH2O                 FTIR(1)        FTSO(1) TSTRAT  ZY
 150.0   1.000E-05  0.3917   6.03704E-11          26.355         206.834 111.5   60.0
 160.0   1.000E-05  0.3917   7.77126E-10          34.018         206.828 117.0   60.0
 170.0   1.000E-05  0.3917   7.40643E-09          43.462         206.838 124.4   60.0
 180.0   1.000E-05  0.3916   5.49460E-08          54.718         206.858 131.8   60.0
 190.0   1.000E-05  0.3914   3.30103E-07          67.964         206.929 139.1   60.0
 200.0   1.000E-05  0.3906   1.65764E-06          83.254         207.184 146.3   60.0
 210.0   1.000E-05  0.3887   7.13813E-06         100.443         207.841 153.4   60.0
 220.0   1.000E-05  0.3850   2.69170E-05         119.225         209.106 160.1   60.0
 230.0   1.000E-05  0.3792   9.04322E-05         139.196         211.065 166.4   60.0
 240.0   1.000E-05  0.3715   2.74604E-04         159.996         213.682 172.3   60.0
 250.0   1.000E-05  0.3619   7.62714E-04         181.250         216.960 177.8   60.0
 260.0   1.000E-05  0.3496   1.95689E-03         202.359         221.151 182.7   60.0
 270.0   1.000E-05  0.3355   4.67471E-03         223.503         225.929 187.3   60.0
 280.0   1.000E-05  0.3199   9.94048E-03         242.912         231.232 191.3   60.0
 290.0   1.000E-05  0.3010   1.90274E-02         257.364         237.646 194.1   60.0
 300.0   1.000E-05  0.2792   3.44412E-02         266.206         245.079 195.7   60.0
 310.0   1.000E-05  0.2572   5.90504E-02         270.927         252.555 196.6   60.0
 320.0   1.000E-05  0.2379   9.59141E-02         273.832         259.097 197.1   60.0
 330.0   1.000E-05  0.2225   1.47476E-01         274.596         264.337 197.2   60.0
 340.0   1.000E-05  0.2098   2.14454E-01         273.037         268.676 196.9   60.0
 350.0   1.000E-05  0.1983   2.94901E-01         273.337         272.564 197.0   60.0
 360.0   1.000E-05  0.1886   3.84118E-01         274.363         275.877 197.2   60.0
 370.0   1.000E-05  0.1811   4.75739E-01         275.518         278.430 197.4   60.0
 380.0   1.000E-05  0.1757   5.63504E-01         276.510         280.254 197.6   60.0
 390.0   1.000E-05  0.1725   6.42758E-01         277.297         281.365 197.7   60.0
 150.0   1.000E-04  0.3900   6.03650E-11          39.783         207.387 121.7   60.0
 160.0   1.000E-04  0.3900   7.77056E-10          33.699         207.401 116.7   60.0
 170.0   1.000E-04  0.3900   7.40577E-09          42.542         207.415 123.7   60.0
 180.0   1.000E-04  0.3899   5.49411E-08          53.421         207.429 131.0   60.0
 190.0   1.000E-04  0.3897   3.30074E-07          66.188         207.489 138.2   60.0
 200.0   1.000E-04  0.3891   1.65750E-06          80.874         207.715 145.3   60.0
 210.0   1.000E-04  0.3873   7.13749E-06          97.321         208.319 152.2   60.0
 220.0   1.000E-04  0.3838   2.69146E-05         115.201         209.516 158.7   60.0
 230.0   1.000E-04  0.3782   9.04240E-05         134.093         211.405 164.9   60.0
 240.0   1.000E-04  0.3707   2.74579E-04         153.729         213.962 170.6   60.0
 250.0   1.000E-04  0.3612   7.62645E-04         173.690         217.201 175.9   60.0
 260.0   1.000E-04  0.3489   1.95671E-03         193.855         221.361 180.8   60.0
 270.0   1.000E-04  0.3350   4.67429E-03         213.993         226.107 185.3   60.0
 280.0   1.000E-04  0.3195   9.93959E-03         233.039         231.383 189.3   60.0
 290.0   1.000E-04  0.3007   1.90257E-02         248.167         237.763 192.3   60.0
 300.0   1.000E-04  0.2790   3.44383E-02         257.017         245.149 194.0   60.0
 310.0   1.000E-04  0.2571   5.90454E-02         263.223         252.584 195.2   60.0
 320.0   1.000E-04  0.2379   9.59063E-02         268.702         259.105 196.2   60.0
 330.0   1.000E-04  0.2225   1.47464E-01         272.002         264.338 196.8   60.0
 340.0   1.000E-04  0.2098   2.14439E-01         271.728         268.676 196.7   60.0
 350.0   1.000E-04  0.1983   2.94883E-01         272.561         272.563 196.9   60.0
 360.0   1.000E-04  0.1886   3.84097E-01         273.822         275.876 197.1   60.0
 370.0   1.000E-04  0.1811   4.75717E-01         275.099         278.428 197.3   60.0
 380.0   1.000E-04  0.1757   5.63482E-01         276.162         280.253 197.5   60.0
 390.0   1.000E-04  0.1725   6.42738E-01         276.993         281.363 197.7   60.0
 150.0   1.000E-03  0.3873   6.03107E-11          43.045         208.320 124.1   60.0
 160.0   1.000E-03  0.3874   7.76357E-10          32.821         208.278 116.0   60.0
 170.0   1.000E-03  0.3874   7.39911E-09          41.137         208.285 122.7   60.0
 180.0   1.000E-03  0.3872   5.48917E-08          51.219         208.336 129.6   60.0
 190.0   1.000E-03  0.3870   3.29777E-07          63.145         208.413 136.6   60.0
 200.0   1.000E-03  0.3864   1.65601E-06          77.020         208.629 143.5   60.0
 210.0   1.000E-03  0.3847   7.13107E-06          92.544         209.216 150.3   60.0
 220.0   1.000E-03  0.3812   2.68904E-05         109.381         210.386 156.7   60.0
 230.0   1.000E-03  0.3758   9.03428E-05         127.067         212.237 162.7   60.0
 240.0   1.000E-03  0.3684   2.74333E-04         145.373         214.750 168.2   60.0
 250.0   1.000E-03  0.3590   7.61960E-04         164.076         217.945 173.4   60.0
 260.0   1.000E-03  0.3469   1.95495E-03         182.959         222.062 178.2   60.0
 270.0   1.000E-03  0.3331   4.67011E-03         202.400         226.751 182.7   60.0
 280.0   1.000E-03  0.3178   9.93074E-03         221.040         231.957 186.8   60.0
 290.0   1.000E-03  0.2994   1.90090E-02         235.880         238.212 189.9   60.0
 300.0   1.000E-03  0.2782   3.44084E-02         245.306         245.419 191.7   60.0
 310.0   1.000E-03  0.2567   5.89954E-02         252.350         252.710 193.1   60.0
 320.0   1.000E-03  0.2378   9.58283E-02         260.290         259.146 194.6   60.0
 330.0   1.000E-03  0.2225   1.47351E-01         266.299         264.340 195.7   60.0
 340.0   1.000E-03  0.2098   2.14287E-01         269.162         268.668 196.2   60.0
 350.0   1.000E-03  0.1984   2.94696E-01         270.791         272.551 196.5   60.0
 360.0   1.000E-03  0.1886   3.83884E-01         272.585         275.861 196.9   60.0
 370.0   1.000E-03  0.1811   4.75493E-01         274.142         278.412 197.1   60.0
 380.0   1.000E-03  0.1758   5.63261E-01         275.368         280.236 197.4   60.0
 390.0   1.000E-03  0.1725   6.42531E-01         276.302         281.346 197.5   60.0
 150.0   1.000E-02  0.3827   5.97733E-11          46.285         209.873 126.4   60.0
 160.0   1.000E-02  0.3843   7.69439E-10          32.332         209.342 115.5   60.0
 170.0   1.000E-02  0.3838   7.33318E-09          39.922         209.502 121.8   60.0
 180.0   1.000E-02  0.3835   5.44025E-08          49.293         209.616 128.4   60.0
 190.0   1.000E-02  0.3831   3.26838E-07          60.251         209.746 135.0   60.0
 200.0   1.000E-02  0.3823   1.64125E-06          72.848         210.016 141.5   60.0
 210.0   1.000E-02  0.3806   7.06753E-06          87.125         210.604 148.0   60.0
 220.0   1.000E-02  0.3773   2.66508E-05         102.817         211.725 154.3   60.0
 230.0   1.000E-02  0.3720   8.95378E-05         119.241         213.508 160.1   60.0
 240.0   1.000E-02  0.3649   2.71889E-04         136.156         215.941 165.5   60.0
 250.0   1.000E-02  0.3557   7.55175E-04         153.344         219.067 170.5   60.0
 260.0   1.000E-02  0.3438   1.93757E-03         170.816         223.114 175.2   60.0
 270.0   1.000E-02  0.3303   4.62868E-03         188.582         227.714 179.5   60.0
 280.0   1.000E-02  0.3152   9.84312E-03         205.798         232.830 183.5   60.0
 290.0   1.000E-02  0.2972   1.88428E-02         220.266         238.939 186.7   60.0
 300.0   1.000E-02  0.2767   3.41122E-02         230.253         245.927 188.7   60.0
 310.0   1.000E-02  0.2560   5.85005E-02         238.785         252.972 190.5   60.0
 320.0   1.000E-02  0.2377   9.50556E-02         248.014         259.194 192.3   60.0
 330.0   1.000E-02  0.2227   1.46230E-01         256.691         264.267 193.9   60.0
 340.0   1.000E-02  0.2101   2.12784E-01         263.384         268.552 195.2   60.0
 350.0   1.000E-02  0.1988   2.92839E-01         267.071         272.413 195.9   60.0
 360.0   1.000E-02  0.1891   3.81769E-01         269.891         275.707 196.4   60.0
 370.0   1.000E-02  0.1816   4.73261E-01         272.048         278.248 196.8   60.0
 380.0   1.000E-02  0.1763   5.61058E-01         273.644         280.068 197.1   60.0
 390.0   1.000E-02  0.1730   6.40473E-01         274.812         281.176 197.3   60.0
 150.0   1.000E-01  0.3789   5.48828E-11          53.629         211.184 131.1   60.0
 160.0   1.000E-01  0.3820   7.06485E-10          32.614         210.118 115.8   60.0
 170.0   1.000E-01  0.3794   6.73319E-09          39.589         210.992 121.5   60.0
 180.0   1.000E-01  0.3792   4.99514E-08          47.274         211.076 127.0   60.0
 190.0   1.000E-01  0.3789   3.00097E-07          56.424         211.170 132.8   60.0
 200.0   1.000E-01  0.3783   1.50697E-06          67.049         211.372 138.6   60.0
 210.0   1.000E-01  0.3768   6.48928E-06          78.891         211.871 144.4   60.0
 220.0   1.000E-01  0.3739   2.44703E-05          91.653         212.887 149.9   60.0
 230.0   1.000E-01  0.3690   8.22126E-05         104.852         214.524 155.0   60.0
 240.0   1.000E-01  0.3624   2.49649E-04         118.437         216.788 159.8   60.0
 250.0   1.000E-01  0.3536   6.93431E-04         132.610         219.768 164.4   60.0
 260.0   1.000E-01  0.3422   1.77932E-03         147.275         223.645 168.8   60.0
 270.0   1.000E-01  0.3293   4.25158E-03         162.817         228.046 173.1   60.0
 280.0   1.000E-01  0.3148   9.04506E-03         178.653         232.979 177.1   60.0
 290.0   1.000E-01  0.2976   1.73278E-02         193.312         238.829 180.7   60.0
 300.0   1.000E-01  0.2780   3.14089E-02         206.063         245.465 183.6   60.0
 310.0   1.000E-01  0.2584   5.39724E-02         217.841         252.148 186.1   60.0
 320.0   1.000E-01  0.2410   8.79624E-02         230.006         258.061 188.7   60.0
 330.0   1.000E-01  0.2267   1.35892E-01         242.468         262.935 191.2   60.0
 340.0   1.000E-01  0.2143   1.98836E-01         252.767         267.129 193.2   60.0
 350.0   1.000E-01  0.2032   2.75479E-01         260.224         270.912 194.6   60.0
 360.0   1.000E-01  0.1937   3.61836E-01         264.880         274.145 195.5   60.0
 370.0   1.000E-01  0.1863   4.52043E-01         268.149         276.654 196.1   60.0
 380.0   1.000E-01  0.1810   5.39939E-01         270.473         278.459 196.5   60.0
 390.0   1.000E-01  0.1777   6.20591E-01         272.144         279.568 196.8   60.0
 150.0   1.000E+00  0.4001   3.01855E-11          67.435         203.956 138.8   60.0
 160.0   1.000E+00  0.3963   3.88567E-10          32.275         205.254 115.5   60.0
 170.0   1.000E+00  0.3931   3.70325E-09          38.659         206.344 120.8   60.0
 180.0   1.000E+00  0.3924   2.74733E-08          46.776         206.595 126.7   60.0
 190.0   1.000E+00  0.3979   1.65053E-07          54.761         204.725 131.8   60.0
 200.0   1.000E+00  0.3991   8.28831E-07          60.345         204.298 135.0   60.0
 210.0   1.000E+00  0.3982   3.56911E-06          66.671         204.614 138.4   60.0
 220.0   1.000E+00  0.3958   1.34588E-05          73.636         205.436 141.9   60.0
 230.0   1.000E+00  0.3916   4.52186E-05          80.776         206.848 145.2   60.0
 240.0   1.000E+00  0.3860   1.37322E-04          88.029         208.775 148.4   60.0
 250.0   1.000E+00  0.3782   3.81506E-04          95.626         211.425 151.5   60.0
 260.0   1.000E+00  0.3682   9.79411E-04         103.706         214.800 154.6   60.0
 270.0   1.000E+00  0.3570   2.34285E-03         112.789         218.626 157.9   60.0
 280.0   1.000E+00  0.3441   4.99511E-03         122.911         223.014 161.3   60.0
 290.0   1.000E+00  0.3288   9.60518E-03         134.035         228.193 164.9   60.0
 300.0   1.000E+00  0.3115   1.75225E-02         146.833         234.098 168.7   60.0
 310.0   1.000E+00  0.2935   3.04237E-02         162.504         240.220 173.0   60.0
 320.0   1.000E+00  0.2767   5.03733E-02         181.372         245.935 177.8   60.0
 330.0   1.000E+00  0.2622   7.96088E-02         201.773         250.860 182.6   60.0
 340.0   1.000E+00  0.2494   1.20107E-01         220.352         255.195 186.7   60.0
 350.0   1.000E+00  0.2379   1.72954E-01         236.435         259.127 190.0   60.0
 360.0   1.000E+00  0.2278   2.37716E-01         249.289         262.559 192.5   60.0
 370.0   1.000E+00  0.2196   3.12114E-01         258.456         265.338 194.3   60.0
 380.0   1.000E+00  0.2133   3.92279E-01         264.016         267.487 195.3   60.0
 390.0   1.000E+00  0.2088   4.73579E-01         267.809         269.014 196.0   60.0
 150.0   2.000E+00  0.4209   2.01237E-11          72.725         196.885 141.5   60.0
 160.0   2.000E+00  0.4094   2.59045E-10          31.912         200.788 115.2   60.0
 170.0   2.000E+00  0.4069   2.46884E-09          37.198         201.638 119.7   60.0
 180.0   2.000E+00  0.4050   1.83155E-08          45.421         202.288 125.8   60.0
 190.0   2.000E+00  0.4079   1.10036E-07          53.320         201.315 130.9   60.0
 200.0   2.000E+00  0.4178   5.52554E-07          60.615         197.948 135.2   60.0
 210.0   2.000E+00  0.4187   2.37941E-06          64.307         197.637 137.2   60.0
 220.0   2.000E+00  0.4168   8.97258E-06          68.475         198.303 139.4   60.0
 230.0   2.000E+00  0.4130   3.01462E-05          72.984         199.576 141.6   60.0
 240.0   2.000E+00  0.4077   9.15524E-05          77.757         201.395 143.9   60.0
 250.0   2.000E+00  0.4005   2.54370E-04          82.906         203.836 146.2   60.0
 260.0   2.000E+00  0.3911   6.53154E-04          88.690         207.025 148.7   60.0
 270.0   2.000E+00  0.3807   1.56312E-03          95.235         210.572 151.4   60.0
 280.0   2.000E+00  0.3686   3.33563E-03         102.725         214.679 154.2   60.0
 290.0   2.000E+00  0.3545   6.42402E-03         111.174         219.475 157.3   60.0
 300.0   2.000E+00  0.3385   1.17503E-02         121.021         224.899 160.7   60.0
 310.0   2.000E+00  0.3220   2.04903E-02         133.136         230.519 164.6   60.0
 320.0   2.000E+00  0.3058   3.41557E-02         149.032         236.031 169.3   60.0
 330.0   2.000E+00  0.2911   5.45192E-02         169.157         241.012 174.7   60.0
 340.0   2.000E+00  0.2777   8.34105E-02         192.239         245.574 180.4   60.0
 350.0   2.000E+00  0.2651   1.22357E-01         213.600         249.866 185.2   60.0
 360.0   2.000E+00  0.2536   1.72116E-01         231.404         253.758 189.0   60.0
 370.0   2.000E+00  0.2440   2.32237E-01         245.851         257.034 191.8   60.0
 380.0   2.000E+00  0.2362   3.00860E-01         256.484         259.694 193.9   60.0
 390.0   2.000E+00  0.2301   3.74901E-01         263.067         261.765 195.1   60.0
 150.0   3.000E+00  0.4376   1.50928E-11          75.055         191.207 142.6   60.0
 160.0   3.000E+00  0.4207   1.94283E-10          31.607         196.945 114.9   60.0
 170.0   3.000E+00  0.4188   1.85163E-09          35.951         197.606 118.6   60.0
 180.0   3.000E+00  0.4165   1.37366E-08          44.056         198.387 124.8   60.0
 190.0   3.000E+00  0.4176   8.25267E-08          52.043         198.006 130.1   60.0
 200.0   3.000E+00  0.4252   4.14416E-07          59.250         195.438 134.4   60.0
 210.0   3.000E+00  0.4342   1.78456E-06          64.039         192.364 137.1   60.0
 220.0   3.000E+00  0.4332   6.72945E-06          66.444         192.723 138.3   60.0
 230.0   3.000E+00  0.4299   2.26098E-05          69.254         193.830 139.8   60.0
 240.0   3.000E+00  0.4248   6.86658E-05          72.424         195.563 141.3   60.0
 250.0   3.000E+00  0.4181   1.90790E-04          76.039         197.834 143.1   60.0
 260.0   3.000E+00  0.4095   4.89945E-04          80.248         200.775 145.0   60.0
 270.0   3.000E+00  0.3994   1.17280E-03          85.266         204.218 147.2   60.0
 280.0   3.000E+00  0.3880   2.50381E-03          91.065         208.090 149.7   60.0
 290.0   3.000E+00  0.3745   4.82577E-03          97.925         212.658 152.4   60.0
 300.0   3.000E+00  0.3595   8.83871E-03         106.149         217.784 155.5   60.0
 310.0   3.000E+00  0.3439   1.54468E-02         116.295         223.087 159.1   60.0
 320.0   3.000E+00  0.3285   2.58374E-02         129.112         228.324 163.3   60.0
 330.0   3.000E+00  0.3139   4.14544E-02         145.927         233.260 168.4   60.0
 340.0   3.000E+00  0.3002   6.38901E-02         167.527         237.915 174.3   60.0
 350.0   3.000E+00  0.2868   9.46632E-02         192.056         242.479 180.4   60.0
 360.0   3.000E+00  0.2741   1.34891E-01         214.185         246.791 185.3   60.0
 370.0   3.000E+00  0.2631   1.84914E-01         232.315         250.548 189.2   60.0
 380.0   3.000E+00  0.2539   2.43997E-01         246.365         253.688 191.9   60.0
 390.0   3.000E+00  0.2463   3.10255E-01         256.984         256.243 194.0   60.0
 150.0   4.000E+00  0.4513   1.20742E-11          75.551         186.560 142.8   60.0
 160.0   4.000E+00  0.4307   1.55427E-10          31.211         193.568 114.5   60.0
 170.0   4.000E+00  0.4292   1.48130E-09          34.898         194.079 117.8   60.0
 180.0   4.000E+00  0.4268   1.09893E-08          42.730         194.879 123.9   60.0
 190.0   4.000E+00  0.4267   6.60213E-08          50.868         194.907 129.4   60.0
 200.0   4.000E+00  0.4325   3.31533E-07          58.033         192.958 133.7   60.0
 210.0   4.000E+00  0.4453   1.42765E-06          64.140         188.607 137.1   60.0
 220.0   4.000E+00  0.4464   5.38357E-06          65.796         188.220 138.0   60.0
 230.0   4.000E+00  0.4436   1.80879E-05          67.440         189.166 138.8   60.0
 240.0   4.000E+00  0.4394   5.49334E-05          69.513         190.620 139.9   60.0
 250.0   4.000E+00  0.4327   1.52637E-04          72.054         192.870 141.2   60.0
 260.0   4.000E+00  0.4245   3.91995E-04          75.178         195.683 142.7   60.0
 270.0   4.000E+00  0.4148   9.38461E-04          79.006         198.974 144.4   60.0
 280.0   4.000E+00  0.4038   2.00405E-03          83.629         202.715 146.5   60.0
 290.0   4.000E+00  0.3907   3.86434E-03          89.307         207.150 148.9   60.0
 300.0   4.000E+00  0.3765   7.08349E-03          96.165         211.995 151.7   60.0
 310.0   4.000E+00  0.3616   1.23958E-02         104.889         217.044 155.1   60.0
 320.0   4.000E+00  0.3468   2.07773E-02         115.891         222.073 159.0   60.0
 330.0   4.000E+00  0.3327   3.34408E-02         130.072         226.893 163.6   60.0
 340.0   4.000E+00  0.3190   5.17737E-02         148.556         231.537 169.1   60.0
 350.0   4.000E+00  0.3051   7.71920E-02         172.017         236.256 175.5   60.0
 360.0   4.000E+00  0.2915   1.10905E-01         197.221         240.892 181.6   60.0
 370.0   4.000E+00  0.2792   1.53612E-01         218.724         245.071 186.3   60.0
 380.0   4.000E+00  0.2687   2.05212E-01         235.991         248.655 189.9   60.0
 390.0   4.000E+00  0.2599   2.64624E-01         249.162         251.644 192.5   60.0
 150.0   5.000E+00  0.4628   1.00618E-11          74.720         182.637 142.4   60.0
 160.0   5.000E+00  0.4396   1.29522E-10          30.817         190.521 114.2   60.0
 170.0   5.000E+00  0.4384   1.23442E-09          33.984         190.934 117.0   60.0
 180.0   5.000E+00  0.4361   9.15776E-09          41.529         191.709 123.0   60.0
 190.0   5.000E+00  0.4352   5.50178E-08          49.727         192.021 128.7   60.0
 200.0   5.000E+00  0.4395   2.76277E-07          56.917         190.577 133.1   60.0
 210.0   5.000E+00  0.4504   1.18971E-06          63.033         186.855 136.5   60.0
 220.0   5.000E+00  0.4574   4.48631E-06          65.786         184.480 138.0   60.0
 230.0   5.000E+00  0.4550   1.50733E-05          66.661         185.286 138.4   60.0
 240.0   5.000E+00  0.4513   4.57783E-05          67.982         186.572 139.1   60.0
 250.0   5.000E+00  0.4449   1.27201E-04          69.724         188.718 140.0   60.0
 260.0   5.000E+00  0.4373   3.26684E-04          72.040         191.331 141.2   60.0
 270.0   5.000E+00  0.4277   7.82173E-04          75.013         194.592 142.6   60.0
 280.0   5.000E+00  0.4170   1.67060E-03          78.724         198.214 144.3   60.0
 290.0   5.000E+00  0.4046   3.22236E-03          83.341         202.452 146.4   60.0
 300.0   5.000E+00  0.3907   5.90989E-03          89.171         207.163 148.9   60.0
 310.0   5.000E+00  0.3766   1.03512E-02          96.612         211.960 151.9   60.0
 320.0   5.000E+00  0.3625   1.73746E-02         106.102         216.749 155.5   60.0
 330.0   5.000E+00  0.3486   2.80235E-02         118.460         221.467 159.8   60.0
 340.0   5.000E+00  0.3350   4.35203E-02         134.482         226.085 165.0   60.0
 350.0   5.000E+00  0.3210   6.51650E-02         155.222         230.867 171.0   60.0
 360.0   5.000E+00  0.3067   9.41611E-02         180.504         235.737 177.6   60.0
 370.0   5.000E+00  0.2933   1.31374E-01         205.310         240.262 183.4   60.0
 380.0   5.000E+00  0.2816   1.77066E-01         225.151         244.243 187.7   60.0
 390.0   5.000E+00  0.2717   2.30695E-01         241.122         247.629 190.9   60.0
 150.0   1.000E+01  0.5006   5.48828E-12          74.844         169.787 142.5   60.0
 160.0   1.000E+01  0.4702   7.06485E-11          29.589         180.132 113.0   60.0
 170.0   1.000E+01  0.4699   6.73319E-10          30.716         180.225 114.1   60.0
 180.0   1.000E+01  0.4687   4.99514E-09          36.978         180.647 119.5   60.0
 190.0   1.000E+01  0.4669   3.00097E-08          44.375         181.240 125.0   60.0
 200.0   1.000E+01  0.4675   1.50697E-07          52.139         181.064 130.2   60.0
 210.0   1.000E+01  0.4727   6.48932E-07          58.624         179.271 134.1   60.0
 220.0   1.000E+01  0.4817   2.44708E-06          63.384         176.232 136.7   60.0
 230.0   1.000E+01  0.4905   8.22187E-06          66.440         173.217 138.3   60.0
 240.0   1.000E+01  0.4916   2.49705E-05          67.051         172.871 138.6   60.0
 250.0   1.000E+01  0.4883   6.93864E-05          67.189         173.985 138.7   60.0
 260.0   1.000E+01  0.4825   1.78218E-04          67.535         175.956 138.9   60.0
 270.0   1.000E+01  0.4749   4.26792E-04          68.302         178.546 139.3   60.0
 280.0   1.000E+01  0.4656   9.11930E-04          69.449         181.702 139.9   60.0
 290.0   1.000E+01  0.4547   1.76023E-03          71.178         185.410 140.7   60.0
 300.0   1.000E+01  0.4424   3.23226E-03          73.677         189.595 141.9   60.0
 310.0   1.000E+01  0.4301   5.67280E-03          77.133         193.752 143.6   60.0
 320.0   1.000E+01  0.4180   9.55247E-03          81.877         197.866 145.7   60.0
 330.0   1.000E+01  0.4056   1.54828E-02          88.478         202.100 148.6   60.0
 340.0   1.000E+01  0.3928   2.42174E-02          97.511         206.434 152.2   60.0
 350.0   1.000E+01  0.3790   3.66296E-02         109.734         211.143 156.8   60.0
 360.0   1.000E+01  0.3642   5.36572E-02         125.648         216.160 162.2   60.0
 370.0   1.000E+01  0.3482   7.62092E-02         146.327         221.607 168.5   60.0
 380.0   1.000E+01  0.3329   1.05035E-01         171.938         226.828 175.4   60.0
 390.0   1.000E+01  0.3182   1.40574E-01         198.357         231.799 181.8   60.0
 150.0   1.500E+01  0.5223   3.77319E-12          61.642         162.417 135.8   60.0
 160.0   1.500E+01  0.4957   4.85708E-11          26.548         171.451 110.0   60.0
 170.0   1.500E+01  0.4954   4.62907E-10          27.508         171.563 111.0   60.0
 180.0   1.500E+01  0.4939   3.43416E-09          33.033         172.063 116.2   60.0
 190.0   1.500E+01  0.4913   2.06317E-08          39.813         172.963 121.7   60.0
 200.0   1.500E+01  0.4895   1.03604E-07          47.575         173.569 127.2   60.0
 210.0   1.500E+01  0.4912   4.46141E-07          55.033         173.001 132.0   60.0
 220.0   1.500E+01  0.4963   1.68237E-06          60.291         171.266 135.0   60.0
 230.0   1.500E+01  0.5022   5.65255E-06          63.568         169.242 136.8   60.0
 240.0   1.500E+01  0.5102   1.71673E-05          66.444         166.545 138.3   60.0
 250.0   1.500E+01  0.5127   4.77042E-05          67.474         165.669 138.9   60.0
 260.0   1.500E+01  0.5102   1.22531E-04          67.570         166.543 138.9   60.0
 270.0   1.500E+01  0.5046   2.93458E-04          67.680         168.419 139.0   60.0
 280.0   1.500E+01  0.4969   6.27130E-04          67.908         171.044 139.1   60.0
 290.0   1.500E+01  0.4879   1.21082E-03          68.482         174.109 139.4   60.0
 300.0   1.500E+01  0.4774   2.22442E-03          69.505         177.674 139.9   60.0
 310.0   1.500E+01  0.4667   3.90698E-03          71.095         181.320 140.7   60.0
 320.0   1.500E+01  0.4556   6.58699E-03          73.550         185.104 141.9   60.0
 330.0   1.500E+01  0.4443   1.06962E-02          77.162         188.926 143.6   60.0
 340.0   1.500E+01  0.4325   1.67764E-02          82.364         192.947 146.0   60.0
 350.0   1.500E+01  0.4192   2.54744E-02          89.979         197.469 149.2   60.0
 360.0   1.500E+01  0.4044   3.75184E-02         100.737         202.517 153.5   60.0
 370.0   1.500E+01  0.3879   5.36720E-02         115.195         208.125 158.7   60.0
 380.0   1.500E+01  0.3712   7.46624E-02         133.856         213.805 164.8   60.0
 390.0   1.500E+01  0.3540   1.01085E-01         157.504         219.635 171.6   60.0
 150.0   2.000E+01  0.5380   2.87481E-12          48.961         157.073 128.2   60.0
 160.0   2.000E+01  0.5158   3.70064E-11          24.207         164.615 107.5   60.0
 170.0   2.000E+01  0.5156   3.52691E-10          25.226         164.701 108.6   60.0
 180.0   2.000E+01  0.5143   2.61650E-09          29.705         165.134 113.1   60.0
 190.0   2.000E+01  0.5115   1.57194E-08          35.928         166.081 118.6   60.0
 200.0   2.000E+01  0.5085   7.89364E-08          43.472         167.121 124.4   60.0
 210.0   2.000E+01  0.5076   3.39917E-07          51.700         167.411 129.9   60.0
 220.0   2.000E+01  0.5099   1.28181E-06          57.609         166.631 133.5   60.0
 230.0   2.000E+01  0.5136   4.30671E-06          61.177         165.373 135.5   60.0
 240.0   2.000E+01  0.5197   1.30799E-05          64.237         163.298 137.2   60.0
 250.0   2.000E+01  0.5263   3.63465E-05          66.977         161.050 138.6   60.0
 260.0   2.000E+01  0.5274   9.33600E-05          67.800         160.690 139.0   60.0
 270.0   2.000E+01  0.5237   2.23603E-04          67.878         161.950 139.1   60.0
 280.0   2.000E+01  0.5176   4.77885E-04          67.907         164.003 139.1   60.0
 290.0   2.000E+01  0.5100   9.22799E-04          68.050         166.585 139.2   60.0
 300.0   2.000E+01  0.5008   1.69570E-03          68.335         169.712 139.3   60.0
 310.0   2.000E+01  0.4914   2.97951E-03          69.089         172.938 139.7   60.0
 320.0   2.000E+01  0.4815   5.02654E-03          70.268         176.292 140.3   60.0
 330.0   2.000E+01  0.4713   8.17027E-03          72.299         179.748 141.3   60.0
 340.0   2.000E+01  0.4601   1.28333E-02          75.397         183.552 142.8   60.0
 350.0   2.000E+01  0.4478   1.95275E-02          80.160         187.759 145.0   60.0
 360.0   2.000E+01  0.4335   2.88431E-02          87.269         192.603 148.1   60.0
 370.0   2.000E+01  0.4183   4.14223E-02          97.461         197.784 152.2   60.0
 380.0   2.000E+01  0.4009   5.79152E-02         111.592         203.693 157.5   60.0
 390.0   2.000E+01  0.3828   7.89168E-02         129.971         209.852 163.6   60.0
 150.0   2.500E+01  0.5504   2.32196E-12          40.409         152.852 122.2   60.0
 160.0   2.500E+01  0.5324   2.98898E-11          22.749         158.991 105.8   60.0
 170.0   2.500E+01  0.5322   2.84866E-10          23.981         159.055 107.2   60.0
 180.0   2.500E+01  0.5311   2.11333E-09          27.529         159.410 111.0   60.0
 190.0   2.500E+01  0.5285   1.26964E-08          32.682         160.294 115.8   60.0
 200.0   2.500E+01  0.5248   6.37563E-08          39.904         161.560 121.8   60.0
 210.0   2.500E+01  0.5222   2.74548E-07          48.389         162.468 127.8   60.0
 220.0   2.500E+01  0.5223   1.03531E-06          55.138         162.426 132.0   60.0
 230.0   2.500E+01  0.5242   3.47850E-06          59.021         161.763 134.3   60.0
 240.0   2.500E+01  0.5287   1.05646E-05          62.320         160.237 136.1   60.0
 250.0   2.500E+01  0.5338   2.93570E-05          65.192         158.510 137.7   60.0
 260.0   2.500E+01  0.5390   7.54075E-05          67.788         156.745 139.0   60.0
 270.0   2.500E+01  0.5375   1.80610E-04          68.011         157.236 139.1   60.0
 280.0   2.500E+01  0.5328   3.86019E-04          68.050         158.857 139.2   60.0
 290.0   2.500E+01  0.5263   7.45470E-04          68.080         161.063 139.2   60.0
 300.0   2.500E+01  0.5186   1.37005E-03          68.217         163.663 139.2   60.0
 310.0   2.500E+01  0.5101   2.40791E-03          68.434         166.551 139.4   60.0
 320.0   2.500E+01  0.5016   4.06383E-03          69.003         169.472 139.6   60.0
 330.0   2.500E+01  0.4922   6.60945E-03          70.019         172.667 140.2   60.0
 340.0   2.500E+01  0.4818   1.03910E-02          71.895         176.186 141.1   60.0
 350.0   2.500E+01  0.4700   1.58317E-02          74.911         180.191 142.5   60.0
 360.0   2.500E+01  0.4566   2.34263E-02          79.693         184.744 144.8   60.0
 370.0   2.500E+01  0.4415   3.37251E-02          86.846         189.887 147.9   60.0
 380.0   2.500E+01  0.4245   4.73045E-02          97.423         195.655 152.2   60.0
 390.0   2.500E+01  0.4065   6.47227E-02         111.888         201.780 157.6   60.0
 150.0   3.000E+01  0.5612   1.94745E-12          34.790         149.178 117.7   60.0
 160.0   3.000E+01  0.5464   2.50688E-11          21.857         154.213 104.8   60.0
 170.0   3.000E+01  0.5463   2.38920E-10          23.379         154.265 106.5   60.0
 180.0   3.000E+01  0.5454   1.77247E-09          26.562         154.563 110.0   60.0
 190.0   3.000E+01  0.5431   1.06486E-08          30.837         155.355 114.2   60.0
 200.0   3.000E+01  0.5391   5.34730E-08          37.361         156.689 119.8   60.0
 210.0   3.000E+01  0.5352   2.30266E-07          45.591         158.016 125.9   60.0
 220.0   3.000E+01  0.5336   8.68321E-07          52.930         158.564 130.7   60.0
 230.0   3.000E+01  0.5342   2.91745E-06          57.155         158.358 133.2   60.0
 240.0   3.000E+01  0.5373   8.86064E-06          60.607         157.322 135.2   60.0
 250.0   3.000E+01  0.5409   2.46221E-05          63.619         156.077 136.8   60.0
 260.0   3.000E+01  0.5447   6.32458E-05          66.294         154.787 138.2   60.0
 270.0   3.000E+01  0.5478   1.51484E-04          68.102         153.742 139.2   60.0
 280.0   3.000E+01  0.5447   3.23778E-04          68.189         154.787 139.2   60.0
 290.0   3.000E+01  0.5391   6.25308E-04          68.133         156.708 139.2   60.0
 300.0   3.000E+01  0.5326   1.14933E-03          68.293         158.918 139.3   60.0
 310.0   3.000E+01  0.5251   2.02032E-03          68.349         161.458 139.3   60.0
 320.0   3.000E+01  0.5172   3.41061E-03          68.545         164.162 139.4   60.0
 330.0   3.000E+01  0.5087   5.54932E-03          69.025         167.052 139.7   60.0
 340.0   3.000E+01  0.4988   8.72966E-03          70.056         170.397 140.2   60.0
 350.0   3.000E+01  0.4878   1.33122E-02          72.007         174.137 141.1   60.0
 360.0   3.000E+01  0.4752   1.97224E-02          75.223         178.438 142.7   60.0
 370.0   3.000E+01  0.4607   2.84403E-02          80.277         183.349 145.0   60.0
 380.0   3.000E+01  0.4444   3.99798E-02          88.039         188.895 148.4   60.0
 390.0   3.000E+01  0.4267   5.48562E-02          99.301         194.932 152.9   60.0
 150.0   3.500E+01  0.5703   1.67697E-12          30.878         146.090 114.2   60.0
 160.0   3.500E+01  0.5586   2.15870E-11          21.164         150.064 103.9   60.0
 170.0   3.500E+01  0.5585   2.05736E-10          22.832         150.108 105.9   60.0
 180.0   3.500E+01  0.5577   1.52629E-09          25.684         150.370 109.1   60.0
 190.0   3.500E+01  0.5556   9.16963E-09          29.088         151.088 112.5   60.0
 200.0   3.500E+01  0.5516   4.60462E-08          34.690         152.446 117.6   60.0
 210.0   3.500E+01  0.5468   1.98285E-07          42.825         154.088 123.9   60.0
 220.0   3.500E+01  0.5438   7.47721E-07          50.567         155.113 129.2   60.0
 230.0   3.500E+01  0.5432   2.51225E-06          55.238         155.298 132.1   60.0
 240.0   3.500E+01  0.5451   7.63000E-06          58.989         154.654 134.3   60.0
 250.0   3.500E+01  0.5476   2.12024E-05          62.185         153.816 136.1   60.0
 260.0   3.500E+01  0.5502   5.44621E-05          64.941         152.937 137.5   60.0
 270.0   3.500E+01  0.5538   1.30447E-04          67.457         151.714 138.9   60.0
 280.0   3.500E+01  0.5540   2.78822E-04          68.239         151.644 139.3   60.0
 290.0   3.500E+01  0.5498   5.38506E-04          68.282         153.068 139.3   60.0
 300.0   3.500E+01  0.5440   9.89856E-04          68.334         155.050 139.3   60.0
 310.0   3.500E+01  0.5374   1.74021E-03          68.389         157.275 139.3   60.0
 320.0   3.500E+01  0.5304   2.93830E-03          68.517         159.678 139.4   60.0
 330.0   3.500E+01  0.5222   4.78227E-03          68.680         162.445 139.5   60.0
 340.0   3.500E+01  0.5128   7.52633E-03          69.170         165.643 139.7   60.0
 350.0   3.500E+01  0.5022   1.14845E-02          70.363         169.259 140.3   60.0
 360.0   3.500E+01  0.4902   1.70298E-02          72.588         173.334 141.4   60.0
 370.0   3.500E+01  0.4761   2.45874E-02          76.216         178.131 143.2   60.0
 380.0   3.500E+01  0.4606   3.46193E-02          81.892         183.390 145.7   60.0
 390.0   3.500E+01  0.4434   4.76000E-02          90.605         189.242 149.5   60.0
