   168.5058      0.1000000              35
   167.0262      0.1000000              36
   168.5790      9.9862143E-02          35
   167.0742      9.9862143E-02          36
   168.6483      9.9730000E-02          35
   167.1224      9.9730000E-02          36
   168.7141      9.9603370E-02          35
   167.1708      9.9603370E-02          36
   168.7765      9.9482037E-02          35
   167.2193      9.9482037E-02          36
   168.8357      9.9365808E-02          35
   167.2678      9.9365808E-02          36
   168.8920      9.9254489E-02          35
   167.3162      9.9254489E-02          36
   168.9455      9.9147908E-02          35
   167.3643      9.9147908E-02          36
   168.9964      9.9045888E-02          35
   167.4122      9.9045888E-02          36
   169.0448      9.8948263E-02          35
   167.4597      9.8948263E-02          36
   169.0910      9.8854870E-02          35
   167.5068      9.8854870E-02          36
   169.1351      9.8765567E-02          35
   167.5534      9.8765567E-02          36
   169.1771      9.8680198E-02          35
   167.5995      9.8680198E-02          36
   169.2173      9.8598629E-02          35
   167.6451      9.8598629E-02          36
   169.2557      9.8520726E-02          35
   167.6901      9.8520726E-02          36
   169.2924      9.8446369E-02          35
   167.7345      9.8446369E-02          36
   169.3276      9.8375425E-02          35
   167.7782      9.8375425E-02          36
   169.3613      9.8307788E-02          35
   167.8213      9.8307788E-02          36
   169.3937      9.8243341E-02          35
   167.8637      9.8243341E-02          36
   169.4248      9.8181978E-02          35
   167.9055      9.8181978E-02          36
   169.4547      9.8123603E-02          35
   167.9465      9.8123603E-02          36
   169.4835      9.8068126E-02          35
   167.9869      9.8068126E-02          36
   169.5113      9.8015442E-02          35
   168.0265      9.8015442E-02          36
   169.5381      9.7965479E-02          35
   168.0655      9.7965479E-02          36
   169.5640      9.7918138E-02          35
   168.1038      9.7918138E-02          36
   169.5890      9.7873360E-02          35
   168.1413      9.7873360E-02          36
   169.6133      9.7831056E-02          35
   168.1782      9.7831056E-02          36
   169.6368      9.7791158E-02          35
   168.2144      9.7791158E-02          36
   169.6597      9.7753584E-02          35
   168.2499      9.7753584E-02          36
   169.6819      9.7718291E-02          35
   168.2848      9.7718291E-02          36
   169.7034      9.7685203E-02          35
   168.3190      9.7685203E-02          36
   169.7245      9.7654268E-02          35
   168.3526      9.7654268E-02          36
   169.7450      9.7625427E-02          35
   168.3855      9.7625427E-02          36
   168.4178      9.7598627E-02          36
   168.4496      9.7586922E-02          36
   168.4807      9.7562134E-02          36
   168.5114      9.7537950E-02          36
   168.5415      9.7514354E-02          36
   168.5712      9.7491339E-02          36
   168.6004      9.7468905E-02          36
   168.6293      9.7447038E-02          36
   168.6578      9.7425736E-02          36
   168.6859      9.7404994E-02          36
   168.7138      9.7384803E-02          36
   168.7413      9.7365156E-02          36
   168.7686      9.7346053E-02          36
   168.7957      9.7327486E-02          36
   168.8226      9.7309455E-02          36
   168.8492      9.7291946E-02          36
   168.8757      9.7274967E-02          36
   168.9021      9.7258508E-02          36
   168.9283      9.7242571E-02          36
   168.9543      9.7227156E-02          36
   168.9803      9.7212255E-02          36
   169.0062      9.7197868E-02          36
   169.0320      9.7183987E-02          36
   169.0577      9.7170621E-02          36
   169.0834      9.7157769E-02          36
   169.1090      9.7145423E-02          36
   169.1346      9.7133592E-02          36
   169.1602      9.7122267E-02          36
   169.1857      9.7111456E-02          36
   169.2113      9.7101152E-02          36
   169.2368      9.7091354E-02          36
   169.2622      9.7082064E-02          36
   169.2877      9.7073287E-02          36
   169.3133      9.7065017E-02          36
   169.3390      9.7057253E-02          36
   169.3648      9.7050004E-02          36
   169.3907      9.7043268E-02          36
   169.4168      9.7037047E-02          36
   169.4429      9.7031355E-02          36
   169.4692      9.7026184E-02          36
   169.4956      9.7021535E-02          36
   169.5221      9.7017407E-02          36
   169.5487      9.7013816E-02          36
   169.5754      9.7010761E-02          36
   169.6023      9.7008243E-02          36
   169.6293      9.7006269E-02          36
   169.6565      9.7004831E-02          36
   169.6838      9.7003937E-02          36
   169.7389      0.1000000              36
   169.7988      9.9584579E-02          36
   169.6924      9.7006343E-02           1
   169.6715      9.7009070E-02           1
   169.6511      9.7008467E-02           1
   169.6312      9.7007453E-02           1
   169.6117      9.7006053E-02           1
   169.5926      9.7004265E-02           1
   169.5738      9.7002104E-02           1
   169.5554      9.6999571E-02           1
   169.5373      9.6996680E-02           1
   169.5194      9.6993431E-02           1
   169.5018      9.6989840E-02           1
   169.4845      9.6985906E-02           1
   169.4673      9.6981630E-02           1
   169.4505      9.6977025E-02           1
   169.4338      9.6972108E-02           1
   169.4173      9.6966870E-02           1
   169.4009      9.6961312E-02           1
   169.3848      9.6955448E-02           1
   169.3687      9.6949279E-02           1
   169.3529      9.6942812E-02           1
   169.3372      9.6936055E-02           1
   169.3216      9.6928999E-02           1
   169.3061      9.6921660E-02           1
   169.2908      9.6914031E-02           1
   169.2756      9.6906118E-02           1
   169.2604      9.6897930E-02           1
   169.2454      9.6889466E-02           1
   169.2305      9.6880727E-02           1
   169.2157      9.6871719E-02           1
   169.2010      9.6862435E-02           1
   169.1863      9.6852899E-02           1
   169.1717      9.6843101E-02           1
   169.1572      9.6833035E-02           1
   169.1427      9.6822716E-02           1
   169.1284      9.6812144E-02           1
   169.1141      9.6801311E-02           1
   169.0998      9.6790224E-02           1
   169.0856      9.6778885E-02           1
   169.0714      9.6767306E-02           1
   169.0573      9.6755482E-02           1
   169.0433      9.6743412E-02           1
   169.0293      9.6731097E-02           1
   169.0153      9.6718550E-02           1
   169.6709      9.6718550E-02           2
   169.0014      9.6705660E-02           1
   169.6534      9.6705660E-02           2
   168.9875      9.6691564E-02           1
   169.6371      9.6691564E-02           2
   168.9737      9.6676335E-02           1
   169.6218      9.6676335E-02           2
   168.9601      9.6660040E-02           1
   169.6074      9.6660040E-02           2
   168.9467      9.6642762E-02           1
   169.5938      9.6642762E-02           2
   168.9335      9.6624553E-02           1
   169.5810      9.6624553E-02           2
   168.9206      9.6605480E-02           1
   169.5689      9.6605480E-02           2
   168.9079      9.6585579E-02           1
   169.5573      9.6585579E-02           2
   168.8955      9.6564919E-02           1
   169.5462      9.6564919E-02           2
   168.8834      9.6543521E-02           1
   169.5356      9.6543521E-02           2
   168.8716      9.6521430E-02           1
   169.5255      9.6521430E-02           2
   168.8600      9.6498691E-02           1
   169.5157      9.6498691E-02           2
   168.8488      9.6475326E-02           1
   169.5062      9.6475326E-02           2
   168.8378      9.6451372E-02           1
   169.4970      9.6451372E-02           2
   168.8271      9.6426859E-02           1
   169.4882      9.6426859E-02           2
   168.8166      9.6401811E-02           1
   169.4795      9.6401811E-02           2
   168.8064      9.6376255E-02           1
   169.4711      9.6376255E-02           2
   168.7965      9.6350208E-02           1
   169.4629      9.6350208E-02           2
   168.7868      9.6323699E-02           1
   169.4549      9.6323699E-02           2
   168.7773      9.6296743E-02           1
   169.4471      9.6296743E-02           2
   168.7681      9.6269354E-02           1
   169.4394      9.6269354E-02           2
   168.7590      9.6241549E-02           1
   169.4318      9.6241549E-02           2
   168.7502      9.6213348E-02           1
   169.4244      9.6213348E-02           2
   168.7416      9.6184760E-02           1
   169.4172      9.6184760E-02           2
   168.7331      9.6155807E-02           1
   169.4100      9.6155807E-02           2
   168.7249      9.6126512E-02           1
   169.4029      9.6126512E-02           2
   168.7168      9.6096866E-02           1
   169.3960      9.6096866E-02           2
   168.7088      9.6066892E-02           1
   169.3891      9.6066892E-02           2
   168.7010      9.6036598E-02           1
   169.3823      9.6036598E-02           2
   168.6934      9.6005991E-02           1
   169.3756      9.6005991E-02           2
   168.6859      9.5975086E-02           1
   169.3689      9.5975086E-02           2
   168.6785      9.5943898E-02           1
   169.3623      9.5943898E-02           2
   168.6713      9.5912427E-02           1
   169.3558      9.5912427E-02           2
   168.6641      9.5880680E-02           1
   169.3494      9.5880680E-02           2
   168.6571      9.5848672E-02           1
   169.3430      9.5848672E-02           2
   168.6502      9.5816411E-02           1
   169.3366      9.5816411E-02           2
   168.6434      9.5783897E-02           1
   169.3303      9.5783897E-02           2
   168.6366      9.5751137E-02           1
   169.3241      9.5751137E-02           2
   168.6300      9.5718145E-02           1
   169.3179      9.5718145E-02           2
   168.6234      9.5684931E-02           1
   169.3118      9.5684931E-02           2
   168.6169      9.5651492E-02           1
   169.3056      9.5651492E-02           2
   168.6105      9.5617831E-02           1
   169.2996      9.5617831E-02           2
   168.6042      9.5583960E-02           1
   169.2935      9.5583960E-02           2
   168.5979      9.5549881E-02           1
   169.2875      9.5549881E-02           2
   168.5917      9.5515609E-02           1
   169.2816      9.5515609E-02           2
   168.5856      9.5481142E-02           1
   169.2757      9.5481142E-02           2
   168.5795      9.5446482E-02           1
   169.2698      9.5446482E-02           2
   168.5735      9.5411628E-02           1
   169.2639      9.5411628E-02           2
   168.5675      9.5376596E-02           1
   169.2581      9.5376596E-02           2
   168.5615      9.5341384E-02           1
   169.2523      9.5341384E-02           2
   168.5556      9.5306002E-02           1
   169.2465      9.5306002E-02           2
   168.5498      9.5270447E-02           1
   169.2408      9.5270447E-02           2
   168.5440      9.5234729E-02           1
   169.2351      9.5234729E-02           2
   168.5382      9.5198855E-02           1
   169.2294      9.5198855E-02           2
   168.5325      9.5162816E-02           1
   169.2237      9.5162816E-02           2
   168.5268      9.5126629E-02           1
   169.2181      9.5126629E-02           2
   168.5212      9.5090292E-02           1
   169.2125      9.5090292E-02           2
   168.5155      9.5053807E-02           1
   169.2070      9.5053807E-02           2
   168.5100      9.5017180E-02           1
   169.2014      9.5017180E-02           2
   168.5044      9.4980419E-02           1
   169.1959      9.4980419E-02           2
   168.4989      9.4943509E-02           1
   169.1904      9.4943509E-02           2
   168.4934      9.4906472E-02           1
   169.1849      9.4906472E-02           2
   168.4879      9.4869301E-02           1
   169.1795      9.4869301E-02           2
   168.4824      9.4832003E-02           1
   169.1741      9.4832003E-02           2
   168.4770      9.4794586E-02           1
   169.1687      9.4794586E-02           2
   168.4716      9.4757043E-02           1
   169.1633      9.4757043E-02           2
   168.4662      9.4719388E-02           1
   169.1579      9.4719388E-02           2
   168.4609      9.4681613E-02           1
   169.1526      9.4681613E-02           2
   168.4555      9.4643727E-02           1
   169.1473      9.4643727E-02           2
   168.4502      9.4605729E-02           1
   169.1420      9.4605729E-02           2
   168.4449      9.4567627E-02           1
   169.1368      9.4567627E-02           2
   168.4397      9.4529420E-02           1
   169.1316      9.4529420E-02           2
   168.4344      9.4491117E-02           1
   169.1264      9.4491117E-02           2
   168.4292      9.4452716E-02           1
   169.1212      9.4452716E-02           2
   168.4240      9.4414212E-02           1
   169.1160      9.4414212E-02           2
   168.4188      9.4375618E-02           1
   169.1109      9.4375618E-02           2
   168.4136      9.4336934E-02           1
   169.1057      9.4336934E-02           2
   168.4084      9.4298154E-02           1
   169.1006      9.4298154E-02           2
   168.4033      9.4259292E-02           1
   169.0956      9.4259292E-02           2
   168.3982      9.4220340E-02           1
   169.0905      9.4220340E-02           2
   168.3931      9.4181314E-02           1
   169.0855      9.4181314E-02           2
   168.3880      9.4142213E-02           1
   169.0805      9.4142213E-02           2
   168.3829      9.4103023E-02           1
   169.0755      9.4103023E-02           2
   168.3778      9.4063766E-02           1
   169.0705      9.4063766E-02           2
   168.3728      9.4024435E-02           1
   169.0656      9.4024435E-02           2
   168.3677      9.3985036E-02           1
   169.0607      9.3985036E-02           2
   168.3627      9.3945570E-02           1
   169.0558      9.3945570E-02           2
   168.3577      9.3906045E-02           1
   169.0509      9.3906045E-02           2
   168.3528      9.3866453E-02           1
   169.0460      9.3866453E-02           2
   168.3478      9.3826801E-02           1
   169.0412      9.3826801E-02           2
   168.3428      9.3787089E-02           1
   169.0364      9.3787089E-02           2
   168.3379      9.3747318E-02           1
   169.0316      9.3747318E-02           2
   168.3330      9.3707494E-02           1
   169.0269      9.3707494E-02           2
   168.3281      9.3667611E-02           1
   169.0221      9.3667611E-02           2
   168.3232      9.3627676E-02           1
   169.0174      9.3627676E-02           2
   168.3183      9.3587704E-02           1
   169.0127      9.3587704E-02           2
   168.3134      9.3547679E-02           1
   169.0080      9.3547679E-02           2
   168.3086      9.3507610E-02           1
   169.0034      9.3507610E-02           2
   168.3038      9.3467504E-02           1
   168.9988      9.3467504E-02           2
   168.2990      9.3427353E-02           1
   168.9942      9.3427353E-02           2
   168.2942      9.3387164E-02           1
   168.9896      9.3387164E-02           2
   168.2894      9.3346938E-02           1
   168.9850      9.3346938E-02           2
   168.2846      9.3306683E-02           1
   168.9805      9.3306683E-02           2
   168.2799      9.3266398E-02           1
   168.9760      9.3266398E-02           2
   168.2751      9.3226083E-02           1
   168.9715      9.3226083E-02           2
   168.2704      9.3185738E-02           1
   168.9671      9.3185738E-02           2
   168.2657      9.3145370E-02           1
   168.9626      9.3145370E-02           2
   168.2610      9.3104973E-02           1
   168.9582      9.3104973E-02           2
   168.2564      9.3064554E-02           1
   168.9538      9.3064554E-02           2
   168.2517      9.3024112E-02           1
   168.9495      9.3024112E-02           2
   168.2471      9.2983648E-02           1
   168.9451      9.2983648E-02           2
   168.2424      9.2943177E-02           1
   168.9408      9.2943177E-02           2
   168.2378      9.2902690E-02           1
   168.9365      9.2902690E-02           2
   168.2332      9.2862196E-02           1
   168.9323      9.2862196E-02           2
   168.2287      9.2821687E-02           1
   168.9280      9.2821687E-02           2
   168.2241      9.2781171E-02           1
   168.9238      9.2781171E-02           2
   168.2196      9.2740640E-02           1
   168.9196      9.2740640E-02           2
   168.2150      9.2700109E-02           1
   168.9155      9.2700109E-02           2
   168.2105      9.2659578E-02           1
   168.9113      9.2659578E-02           2
   168.2060      9.2619047E-02           1
   168.9072      9.2619047E-02           2
   168.2015      9.2578515E-02           1
   168.9031      9.2578515E-02           2
   168.1971      9.2537984E-02           1
   168.8990      9.2537984E-02           2
   168.1926      9.2497461E-02           1
   168.8950      9.2497461E-02           2
   168.1882      9.2456937E-02           1
   168.8910      9.2456937E-02           2
   168.1838      9.2416421E-02           1
   168.8870      9.2416421E-02           2
   168.1794      9.2375919E-02           1
   168.8831      9.2375919E-02           2
   168.1750      9.2335433E-02           1
   168.8791      9.2335433E-02           2
   168.1707      9.2294961E-02           1
   168.8752      9.2294961E-02           2
   168.1664      9.2254497E-02           1
   168.8714      9.2254497E-02           2
   168.1620      9.2214055E-02           1
   168.8675      9.2214055E-02           2
   168.1577      9.2173636E-02           1
   168.8637      9.2173636E-02           2
   168.1535      9.2133231E-02           1
   168.8599      9.2133231E-02           2
   168.1492      9.2092857E-02           1
   168.8561      9.2092857E-02           2
   168.1450      9.2052504E-02           1
   168.8524      9.2052504E-02           2
   168.1407      9.2012182E-02           1
   168.8486      9.2012182E-02           2
   168.1365      9.1971874E-02           1
   168.8450      9.1971874E-02           2
   168.1324      9.1931596E-02           1
   168.8413      9.1931596E-02           2
   168.1282      9.1891356E-02           1
   168.8377      9.1891356E-02           2
   168.1240      9.1851145E-02           1
   168.8341      9.1851145E-02           2
   168.1199      9.1810971E-02           1
   168.8305      9.1810971E-02           2
   168.1158      9.1770828E-02           1
   168.8269      9.1770828E-02           2
   168.1117      9.1730729E-02           1
   168.8234      9.1730729E-02           2
   168.1077      9.1690660E-02           1
   168.8199      9.1690660E-02           2
   168.1036      9.1650642E-02           1
   168.8164      9.1650642E-02           2
   168.0996      9.1610663E-02           1
   168.8130      9.1610663E-02           2
   168.0956      9.1570735E-02           1
   168.8096      9.1570735E-02           2
   168.0916      9.1530845E-02           1
   168.8062      9.1530845E-02           2
   168.0876      9.1491006E-02           1
   168.8029      9.1491006E-02           2
   168.0837      9.1451220E-02           1
   168.7995      9.1451220E-02           2
   168.0798      9.1411479E-02           1
   168.7962      9.1411479E-02           2
   168.0759      9.1371797E-02           1
   168.7930      9.1371797E-02           2
   168.0720      9.1332167E-02           1
   168.7897      9.1332167E-02           2
   168.0682      9.1292597E-02           1
   168.7865      9.1292597E-02           2
   168.0643      9.1253087E-02           1
   168.7834      9.1253087E-02           2
   168.0605      9.1213629E-02           1
   168.7802      9.1213629E-02           2
   168.0567      9.1174237E-02           1
   168.7771      9.1174237E-02           2
   168.0530      9.1134906E-02           1
   168.7740      9.1134906E-02           2
   168.0492      9.1095641E-02           1
   168.7710      9.1095641E-02           2
   168.0455      9.1056444E-02           1
   168.7679      9.1056444E-02           2
   168.0418      9.1017313E-02           1
   168.7650      9.1017313E-02           2
   168.0381      9.0978250E-02           1
   168.7620      9.0978250E-02           2
   168.0345      9.0939261E-02           1
   168.7591      9.0939261E-02           2
   168.0309      9.0900347E-02           1
   168.7562      9.0900347E-02           2
   168.0273      9.0861507E-02           1
   168.7533      9.0861507E-02           2
   168.0237      9.0822741E-02           1
   168.7505      9.0822741E-02           2
   168.0201      9.0784051E-02           1
   168.7477      9.0784051E-02           2
   168.0166      9.0745434E-02           1
   168.7449      9.0745434E-02           2
   168.0131      9.0706907E-02           1
   168.7421      9.0706907E-02           2
   168.0096      9.0668455E-02           1
   168.7394      9.0668455E-02           2
   168.0061      9.0630092E-02           1
   168.7368      9.0630092E-02           2
   168.0027      9.0591811E-02           1
   168.7341      9.0591811E-02           2
   167.9993      9.0553626E-02           1
   168.7315      9.0553626E-02           2
   167.9959      9.0515524E-02           1
   168.7289      9.0515524E-02           2
   167.9925      9.0477519E-02           1
   168.7264      9.0477519E-02           2
   167.9892      9.0439603E-02           1
   168.7239      9.0439603E-02           2
   167.9859      9.0401776E-02           1
   168.7214      9.0401776E-02           2
   167.9826      9.0364054E-02           1
   168.7189      9.0364054E-02           2
   167.9793      9.0326421E-02           1
   168.7165      9.0326421E-02           2
   167.9761      9.0288892E-02           1
   168.7142      9.0288892E-02           2
   167.9729      9.0251461E-02           1
   168.7119      9.0251461E-02           2
   167.9697      9.0214141E-02           1
   168.7096      9.0214141E-02           2
   167.9666      9.0176925E-02           1
   168.7074      9.0176925E-02           2
   167.9634      9.0139821E-02           1
   168.7053      9.0139821E-02           2
   167.9604      9.0102822E-02           1
   168.7032      9.0102822E-02           2
   167.9573      9.0065941E-02           1
   168.7012      9.0065941E-02           2
   167.9543      9.0029180E-02           1
   168.6992      9.0029180E-02           2
   167.9513      8.9992531E-02           1
   168.6973      8.9992531E-02           2
   167.9483      8.9956015E-02           1
   168.6954      8.9956015E-02           2
   167.9454      8.9919627E-02           1
   168.6936      8.9919627E-02           2
   167.9426      8.9883357E-02           1
   168.6918      8.9883357E-02           2
   167.9397      8.9847222E-02           1
   168.6901      8.9847222E-02           2
   167.9369      8.9811221E-02           1
   168.6885      8.9811221E-02           2
   167.9342      8.9775354E-02           1
   168.6869      8.9775354E-02           2
   167.9314      8.9739628E-02           1
   168.6854      8.9739628E-02           2
   167.9288      8.9704044E-02           1
   168.6839      8.9704044E-02           2
   167.9261      8.9668602E-02           1
   168.6825      8.9668602E-02           2
   167.9235      8.9633308E-02           1
   168.6811      8.9633308E-02           2
   167.9209      8.9598164E-02           1
   168.6798      8.9598164E-02           2
   167.9184      8.9563176E-02           1
   168.6785      8.9563176E-02           2
   167.9160      8.9528337E-02           1
   168.6774      8.9528337E-02           2
   167.9135      8.9493655E-02           1
   168.6762      8.9493655E-02           2
   167.9111      8.9459136E-02           1
   168.6751      8.9459136E-02           2
   167.9088      8.9424782E-02           1
   168.6741      8.9424782E-02           2
   167.9065      8.9390591E-02           1
   168.6731      8.9390591E-02           2
   167.9042      8.9356571E-02           1
   168.6722      8.9356571E-02           2
   167.9020      8.9322716E-02           1
   168.6714      8.9322716E-02           2
   167.8998      8.9289039E-02           1
   168.6706      8.9289039E-02           2
   167.8977      8.9255542E-02           1
   168.6698      8.9255542E-02           2
   167.8956      8.9222223E-02           1
   168.6692      8.9222223E-02           2
   167.8936      8.9189082E-02           1
   168.6685      8.9189082E-02           2
   167.8916      8.9156121E-02           1
   168.6680      8.9156121E-02           2
   167.8896      8.9123346E-02           1
   168.6675      8.9123346E-02           2
   167.8878      8.9090765E-02           1
   168.6670      8.9090765E-02           2
   167.8859      8.9058377E-02           1
   168.6667      8.9058377E-02           2
   167.8841      8.9026183E-02           1
   168.6663      8.9026183E-02           2
   167.8824      8.8994175E-02           1
   168.6661      8.8994175E-02           2
   167.8806      8.8962369E-02           1
   168.6659      8.8962369E-02           2
   167.8790      8.8930763E-02           1
   168.6657      8.8930763E-02           2
   167.8774      8.8899374E-02           1
   168.6656      8.8899374E-02           2
   167.8758      8.8868186E-02           1
   168.6656      8.8868186E-02           2
   167.8743      8.8837206E-02           1
   168.6656      8.8837206E-02           2
   167.8728      8.8806435E-02           1
   168.6657      8.8806435E-02           2
   167.8714      8.8775881E-02           1
   168.6659      8.8775881E-02           2
   167.8700      8.8745542E-02           1
   168.6661      8.8745542E-02           2
   167.8687      8.8715419E-02           1
   168.6664      8.8715419E-02           2
   167.8674      8.8685520E-02           1
   168.6667      8.8685520E-02           2
   167.8662      8.8655844E-02           1
   168.6671      8.8655844E-02           2
   167.8650      8.8626400E-02           1
   168.6676      8.8626400E-02           2
   167.8639      8.8597178E-02           1
   168.6681      8.8597178E-02           2
   167.8628      8.8568196E-02           1
   168.6687      8.8568196E-02           2
   167.8618      8.8539451E-02           1
   168.6694      8.8539451E-02           2
   167.8609      8.8510945E-02           1
   168.6701      8.8510945E-02           2
   167.8599      8.8482678E-02           1
   168.6709      8.8482678E-02           2
   167.8591      8.8454649E-02           1
   168.6717      8.8454649E-02           2
   167.8583      8.8426866E-02           1
   168.6726      8.8426866E-02           2
   167.8575      8.8399328E-02           1
   168.6736      8.8399328E-02           2
   167.8568      8.8372037E-02           1
   168.6746      8.8372037E-02           2
   167.8562      8.8344999E-02           1
   168.6757      8.8344999E-02           2
   167.8556      8.8318214E-02           1
   168.6769      8.8318214E-02           2
   167.8550      8.8291690E-02           1
   168.6781      8.8291690E-02           2
   167.8545      8.8265419E-02           1
   168.6794      8.8265419E-02           2
   167.8541      8.8239409E-02           1
   168.6808      8.8239409E-02           2
   167.8537      8.8213667E-02           1
   168.6822      8.8213667E-02           2
   167.8534      8.8188186E-02           1
   168.6837      8.8188186E-02           2
   167.8531      8.8162981E-02           1
   168.6852      8.8162981E-02           2
   167.8529      8.8138044E-02           1
   168.6869      8.8138044E-02           2
   167.8527      8.8113382E-02           1
   168.6886      8.8113382E-02           2
   167.8526      8.8089004E-02           1
   168.6903      8.8089004E-02           2
   167.8526      8.8064902E-02           1
   168.6922      8.8064902E-02           2
   167.8526      8.8041075E-02           1
   168.6940      8.8041075E-02           2
   167.8526      8.8017538E-02           1
   168.6960      8.8017538E-02           2
   167.8528      8.7994292E-02           1
   168.6980      8.7994292E-02           2
   167.8529      8.7971330E-02           1
   168.7001      8.7971330E-02           2
   167.8531      8.7948665E-02           1
   168.7023      8.7948665E-02           2
   167.8534      8.7926291E-02           1
   168.7045      8.7926291E-02           2
   167.8538      8.7904215E-02           1
   168.7068      8.7904215E-02           2
   167.8542      8.7882429E-02           1
   168.7091      8.7882429E-02           2
   167.8546      8.7860942E-02           1
   168.7115      8.7860942E-02           2
   167.8552      8.7839767E-02           1
   168.7140      8.7839767E-02           2
   167.8557      8.7818891E-02           1
   168.7166      8.7818891E-02           2
   167.8564      8.7798327E-02           1
   168.7192      8.7798327E-02           2
   167.8571      8.7778062E-02           1
   168.7218      8.7778062E-02           2
   167.8578      8.7758109E-02           1
   168.7246      8.7758109E-02           2
   167.8586      8.7738477E-02           1
   168.7274      8.7738477E-02           2
   167.8595      8.7719157E-02           1
   168.7303      8.7719157E-02           2
   167.8604      8.7700158E-02           1
   168.7332      8.7700158E-02           2
   167.8614      8.7681472E-02           1
   168.7362      8.7681472E-02           2
   167.8624      8.7663114E-02           1
   168.7393      8.7663114E-02           2
   167.8635      8.7645084E-02           1
   168.7424      8.7645084E-02           2
   167.8646      8.7627381E-02           1
   168.7456      8.7627381E-02           2
   167.8658      8.7610014E-02           1
   168.7489      8.7610014E-02           2
   167.8671      8.7592967E-02           1
   168.7522      8.7592967E-02           2
   167.8684      8.7576255E-02           1
   168.7556      8.7576255E-02           2
   167.8698      8.7559879E-02           1
   168.7591      8.7559879E-02           2
   167.8713      8.7543845E-02           1
   168.7626      8.7543845E-02           2
   167.8728      8.7528147E-02           1
   167.8743      8.7583527E-02           1
   167.8761      8.7567821E-02           1
   167.8780      8.7552175E-02           1
   167.8800      8.7536588E-02           1
   167.8821      8.7521061E-02           1
   167.8843      8.7505601E-02           1
   167.8866      8.7490216E-02           1
   167.8891      8.7474898E-02           1
   167.8918      8.7459646E-02           1
   167.8946      8.7444469E-02           1
   167.8976      8.7429367E-02           1
   167.9007      8.7414339E-02           1
   167.9041      8.7399401E-02           1
   167.9076      8.7384537E-02           1
   167.9113      8.7369770E-02           1
   167.9152      8.7355092E-02           1
   167.9193      8.7340504E-02           1
   167.9236      8.7326013E-02           1
   167.9281      8.7311625E-02           1
   167.9328      8.7297343E-02           1
   167.9377      8.7283164E-02           1
   167.9428      8.7269098E-02           1
   167.9482      8.7255143E-02           1
   167.9537      8.7241299E-02           1
   167.9594      8.7227583E-02           1
   167.9653      8.7213986E-02           1
   167.9715      8.7200515E-02           1
   167.9779      8.7187178E-02           1
   167.9844      8.7173969E-02           1
   167.9912      8.7160900E-02           1
   167.9982      8.7147973E-02           1
   168.0054      8.7135188E-02           1
   168.0129      8.7122545E-02           1
   168.0206      8.7110057E-02           1
   168.0285      8.7097719E-02           1
   168.0367      8.7085545E-02           1
   168.0451      8.7073535E-02           1
   168.0538      8.7061688E-02           1
   168.0627      8.7050021E-02           1
   168.0718      8.7038524E-02           1
   168.0813      8.7027207E-02           1
   168.0909      8.7016068E-02           1
   168.1008      8.7005123E-02           1
   168.1110      8.6994365E-02           1
   168.1214      8.6983800E-02           1
   168.1320      8.6973436E-02           1
   168.1429      8.6963281E-02           1
   168.1540      8.6953327E-02           1
   168.1654      8.6943582E-02           1
   168.1770      8.6934052E-02           1
   168.1888      8.6924747E-02           1
   168.2009      8.6915664E-02           1
   168.2133      8.6906806E-02           1
   168.2259      8.6898178E-02           1
   168.2387      8.6889789E-02           1
   168.2518      8.6881638E-02           1
   168.2651      8.6873725E-02           1
   168.2786      8.6866066E-02           1
   168.2924      8.6858660E-02           1
   168.3064      8.6851507E-02           1
   168.3207      8.6844616E-02           1
   168.3352      8.6837977E-02           1
   168.3499      8.6831614E-02           1
   168.3649      8.6825520E-02           1
   168.3801      8.6819708E-02           1
   168.3955      8.6814173E-02           1
   168.4112      8.6808920E-02           1
   168.4271      8.6803950E-02           1
   168.4432      8.6799279E-02           1
   168.4596      8.6794898E-02           1
   168.4762      8.6790815E-02           1
   168.4931      8.6787045E-02           1
   168.5101      8.6783580E-02           1
   168.5275      8.6780429E-02           1
   168.5450      8.6777590E-02           1
   168.5628      8.6775064E-02           1
   168.5808      8.6772874E-02           1
   168.5990      8.6771011E-02           1
   168.6175      8.6769477E-02           1
   168.6362      8.6768277E-02           1
   168.6551      8.6767420E-02           1
   168.6742      8.6766906E-02           1
   168.7135      0.1000000               1
   168.7819      9.9698149E-02           1
   168.8477      9.8739430E-02           1
   168.9102      9.7145386E-02           1
   168.9685      9.4946198E-02           1
   169.0222      9.2179671E-02           1
   168.6691      8.6787790E-02          36
   168.6484      8.6791493E-02          36
   168.6280      8.6790815E-02          36
   168.6079      8.6789764E-02          36
   168.5880      8.6788356E-02          36
   168.5684      8.6786591E-02          36
   168.5490      8.6784482E-02          36
   168.5299      8.6782023E-02          36
   168.5109      8.6779222E-02          36
   168.4922      8.6776085E-02          36
   168.4737      8.6772621E-02          36
   168.4553      8.6768836E-02          36
   168.4372      8.6764731E-02          36
   168.4192      8.6760312E-02          36
   168.4014      8.6755581E-02          36
   168.3838      8.6750545E-02          36
   168.3663      8.6745210E-02          36
   168.3490      8.6739570E-02          36
   168.3319      8.6733639E-02          36
   168.3149      8.6727418E-02          36
   168.2980      8.6720906E-02          36
   168.2813      8.6714119E-02          36
   168.2647      8.6707041E-02          36
   168.2483      8.6699694E-02          36
   168.2320      8.6692072E-02          36
   168.2158      8.6684182E-02          36
   168.1997      8.6676024E-02          36
   168.1838      8.6667597E-02          36
   168.1679      8.6658917E-02          36
   168.6573      8.6649969E-02          35
   168.1522      8.6649969E-02          36
   168.6407      8.6640090E-02          35
   168.1366      8.6640090E-02          36
   168.6249      8.6629122E-02          35
   168.1211      8.6629122E-02          36
   168.6096      8.6617112E-02          35
   168.1058      8.6617112E-02          36
   168.5948      8.6604103E-02          35
   168.0906      8.6604103E-02          36
   168.5806      8.6590141E-02          35
   168.0755      8.6590141E-02          36
   168.5669      8.6575255E-02          35
   168.0607      8.6575255E-02          36
   168.5537      8.6559489E-02          35
   168.0459      8.6559489E-02          36
   168.5409      8.6542882E-02          35
   168.0314      8.6542882E-02          36
   168.5285      8.6525463E-02          35
   168.0171      8.6525463E-02          36
   168.5165      8.6507268E-02          35
   168.0029      8.6507268E-02          36
   168.5049      8.6488321E-02          35
   167.9890      8.6488321E-02          36
   168.4936      8.6468652E-02          35
   167.9752      8.6468652E-02          36
   168.4826      8.6448297E-02          35
   167.9616      8.6448297E-02          36
   168.4719      8.6427286E-02          35
   167.9483      8.6427286E-02          36
   168.4615      8.6405635E-02          35
   167.9351      8.6405635E-02          36
   168.4514      8.6383373E-02          35
   167.9221      8.6383373E-02          36
   168.4416      8.6360529E-02          35
   167.9094      8.6360529E-02          36
   168.4320      8.6337112E-02          35
   167.8968      8.6337112E-02          36
   168.4227      8.6313158E-02          35
   167.8844      8.6313158E-02          36
   168.4135      8.6288676E-02          35
   167.8722      8.6288676E-02          36
   168.4046      8.6263686E-02          35
   167.8602      8.6263686E-02          36
   168.3959      8.6238220E-02          35
   167.8484      8.6238220E-02          36
   168.3873      8.6212277E-02          35
   167.8368      8.6212277E-02          36
   168.3790      8.6185887E-02          35
   167.8254      8.6185887E-02          36
   168.3708      8.6159065E-02          35
   167.8141      8.6159065E-02          36
   168.3628      8.6131826E-02          35
   167.8031      8.6131826E-02          36
   168.3549      8.6104184E-02          35
   167.7922      8.6104184E-02          36
   168.3472      8.6076155E-02          35
   167.7815      8.6076155E-02          36
   168.3397      8.6047761E-02          35
   167.7709      8.6047761E-02          36
   168.3323      8.6019002E-02          35
   167.7605      8.6019002E-02          36
   168.3250      8.5989907E-02          35
   167.7503      8.5989907E-02          36
   168.3178      8.5960478E-02          35
   167.7403      8.5960478E-02          36
   168.3108      8.5930727E-02          35
   167.7304      8.5930727E-02          36
   168.3038      8.5900672E-02          35
   167.7206      8.5900672E-02          36
   168.2970      8.5870311E-02          35
   167.7111      8.5870311E-02          36
   168.2903      8.5839674E-02          35
   167.7016      8.5839674E-02          36
   168.2837      8.5808754E-02          35
   167.6923      8.5808754E-02          36
   168.2772      8.5777573E-02          35
   167.6832      8.5777573E-02          36
   168.2708      8.5746139E-02          35
   167.6741      8.5746139E-02          36
   168.2645      8.5714459E-02          35
   167.6653      8.5714459E-02          36
   168.2583      8.5682541E-02          35
   167.6565      8.5682541E-02          36
   168.2522      8.5650399E-02          35
   167.6479      8.5650399E-02          36
   168.2462      8.5618041E-02          35
   167.6394      8.5618041E-02          36
   168.2402      8.5585475E-02          35
   167.6311      8.5585475E-02          36
   168.2343      8.5552707E-02          35
   167.6228      8.5552707E-02          36
   168.2285      8.5519746E-02          35
   167.6147      8.5519746E-02          36
   168.2228      8.5486606E-02          35
   167.6067      8.5486606E-02          36
   168.2172      8.5453294E-02          35
   167.5988      8.5453294E-02          36
   168.2117      8.5419804E-02          35
   167.5910      8.5419804E-02          36
   168.2062      8.5386157E-02          35
   167.5833      8.5386157E-02          36
   168.2008      8.5352354E-02          35
   167.5757      8.5352354E-02          36
   168.1955      8.5318401E-02          35
   167.5682      8.5318401E-02          36
   168.1903      8.5284308E-02          35
   167.5609      8.5284308E-02          36
   168.1852      8.5250080E-02          35
   167.5536      8.5250080E-02          36
   168.1801      8.5215732E-02          35
   167.5464      8.5215732E-02          36
   168.1751      8.5181266E-02          35
   167.5394      8.5181266E-02          36
   168.1702      8.5146688E-02          35
   167.5324      8.5146688E-02          36
   168.1654      8.5112005E-02          35
   167.5255      8.5112005E-02          36
   168.1606      8.5077226E-02          35
   167.5187      8.5077226E-02          36
   168.1559      8.5042357E-02          35
   167.5120      8.5042357E-02          36
   168.1513      8.5007399E-02          35
   167.5054      8.5007399E-02          36
   168.1468      8.4972352E-02          35
   167.4988      8.4972352E-02          36
   168.1423      8.4937237E-02          35
   167.4924      8.4937237E-02          36
   168.1379      8.4902048E-02          35
   167.4860      8.4902048E-02          36
   168.1336      8.4866799E-02          35
   167.4797      8.4866799E-02          36
   168.1293      8.4831499E-02          35
   167.4735      8.4831499E-02          36
   168.1251      8.4796146E-02          35
   167.4674      8.4796146E-02          36
   168.1210      8.4760740E-02          35
   167.4614      8.4760740E-02          36
   168.1169      8.4725298E-02          35
   167.4554      8.4725298E-02          36
   168.1129      8.4689818E-02          35
   167.4495      8.4689818E-02          36
   168.1090      8.4654316E-02          35
   167.4437      8.4654316E-02          36
   168.1052      8.4618777E-02          35
   167.4380      8.4618777E-02          36
   168.1014      8.4583215E-02          35
   167.4323      8.4583215E-02          36
   168.0977      8.4547639E-02          35
   167.4267      8.4547639E-02          36
   168.0940      8.4512055E-02          35
   167.4212      8.4512055E-02          36
   168.0904      8.4476456E-02          35
   167.4157      8.4476456E-02          36
   168.0869      8.4440865E-02          35
   167.4104      8.4440865E-02          36
   168.0834      8.4405273E-02          35
   167.4050      8.4405273E-02          36
   168.0800      8.4369689E-02          35
   167.3998      8.4369689E-02          36
   168.0767      8.4334120E-02          35
   167.3946      8.4334120E-02          36
   168.0734      8.4298566E-02          35
   167.3895      8.4298566E-02          36
   168.0702      8.4263027E-02          35
   167.3844      8.4263027E-02          36
   168.0670      8.4227517E-02          35
   167.3795      8.4227517E-02          36
   168.0639      8.4192038E-02          35
   167.3745      8.4192038E-02          36
   168.0609      8.4156588E-02          35
   167.3697      8.4156588E-02          36
   168.0580      8.4121168E-02          35
   167.3649      8.4121168E-02          36
   168.0551      8.4085792E-02          35
   167.3602      8.4085792E-02          36
   168.0522      8.4050462E-02          35
   167.3555      8.4050462E-02          36
   168.0495      8.4015183E-02          35
   167.3509      8.4015183E-02          36
   168.0467      8.3979957E-02          35
   167.3463      8.3979957E-02          36
   168.0441      8.3944783E-02          35
   167.3418      8.3944783E-02          36
   168.0415      8.3909675E-02          35
   167.3374      8.3909675E-02          36
   168.0390      8.3874628E-02          35
   167.3330      8.3874628E-02          36
   168.0365      8.3839655E-02          35
   167.3287      8.3839655E-02          36
   168.0341      8.3804742E-02          35
   167.3245      8.3804742E-02          36
   168.0318      8.3769903E-02          35
   167.3203      8.3769903E-02          36
   168.0295      8.3735153E-02          35
   167.3161      8.3735153E-02          36
   168.0273      8.3700478E-02          35
   167.3120      8.3700478E-02          36
   168.0252      8.3665892E-02          35
   167.3080      8.3665892E-02          36
   168.0231      8.3631396E-02          35
   167.3040      8.3631396E-02          36
   168.0211      8.3596990E-02          35
   167.3001      8.3596990E-02          36
   168.0191      8.3562687E-02          35
   167.2963      8.3562687E-02          36
   168.0172      8.3528474E-02          35
   167.2925      8.3528474E-02          36
   168.0154      8.3494373E-02          35
   167.2887      8.3494373E-02          36
   168.0136      8.3460368E-02          35
   167.2850      8.3460368E-02          36
   168.0119      8.3426483E-02          35
   167.2814      8.3426483E-02          36
   168.0103      8.3392709E-02          35
   167.2778      8.3392709E-02          36
   168.0087      8.3359040E-02          35
   167.2743      8.3359040E-02          36
   168.0071      8.3325490E-02          35
   167.2709      8.3325490E-02          36
   168.0057      8.3292075E-02          35
   167.2674      8.3292075E-02          36
   168.0043      8.3258778E-02          35
   167.2641      8.3258778E-02          36
   168.0030      8.3225608E-02          35
   167.2608      8.3225608E-02          36
   168.0017      8.3192579E-02          35
   167.2575      8.3192579E-02          36
   168.0005      8.3159670E-02          35
   167.2543      8.3159670E-02          36
   167.9994      8.3126910E-02          35
   167.2512      8.3126910E-02          36
   167.9983      8.3094291E-02          35
   167.2481      8.3094291E-02          36
   167.9973      8.3061814E-02          35
   167.2451      8.3061814E-02          36
   167.9963      8.3029486E-02          35
   167.2421      8.3029486E-02          36
   167.9955      8.2997307E-02          35
   167.2392      8.2997307E-02          36
   167.9946      8.2965277E-02          35
   167.2363      8.2965277E-02          36
   167.9939      8.2933411E-02          35
   167.2335      8.2933411E-02          36
   167.9932      8.2901701E-02          35
   167.2307      8.2901701E-02          36
   167.9926      8.2870156E-02          35
   167.2280      8.2870156E-02          36
   167.9920      8.2838774E-02          35
   167.2254      8.2838774E-02          36
   167.9915      8.2807556E-02          35
   167.2228      8.2807556E-02          36
   167.9910      8.2776517E-02          35
   167.2202      8.2776517E-02          36
   167.9907      8.2745641E-02          35
   167.2177      8.2745641E-02          36
   167.9904      8.2714945E-02          35
   167.2153      8.2714945E-02          36
   167.9901      8.2684427E-02          35
   167.2129      8.2684427E-02          36
   167.9899      8.2654096E-02          35
   167.2106      8.2654096E-02          36
   167.9898      8.2623944E-02          35
   167.2083      8.2623944E-02          36
   167.9897      8.2593977E-02          35
   167.2061      8.2593977E-02          36
   167.9898      8.2564205E-02          35
   167.2039      8.2564205E-02          36
   167.9898      8.2534626E-02          35
   167.2018      8.2534626E-02          36
   167.9900      8.2505241E-02          35
   167.1998      8.2505241E-02          36
   167.9902      8.2476057E-02          35
   167.1978      8.2476057E-02          36
   167.9904      8.2447067E-02          35
   167.1958      8.2447067E-02          36
   167.9908      8.2418278E-02          35
   167.1939      8.2418278E-02          36
   167.9912      8.2389697E-02          35
   167.1921      8.2389697E-02          36
   167.9916      8.2361326E-02          35
   167.1903      8.2361326E-02          36
   167.9921      8.2333162E-02          35
   167.1886      8.2333162E-02          36
   167.9927      8.2305223E-02          35
   167.1869      8.2305223E-02          36
   167.9934      8.2277499E-02          35
   167.1853      8.2277499E-02          36
   167.9941      8.2249984E-02          35
   167.1837      8.2249984E-02          36
   167.9949      8.2222693E-02          35
   167.1822      8.2222693E-02          36
   167.9958      8.2195625E-02          35
   167.1807      8.2195625E-02          36
   167.9967      8.2168788E-02          35
   167.1793      8.2168788E-02          36
   167.9977      8.2142174E-02          35
   167.1780      8.2142174E-02          36
   167.9987      8.2115799E-02          35
   167.1767      8.2115799E-02          36
   167.9998      8.2089648E-02          35
   167.1754      8.2089648E-02          36
   168.0010      8.2063742E-02          35
   167.1743      8.2063742E-02          36
   168.0023      8.2038067E-02          35
   167.1731      8.2038067E-02          36
   168.0036      8.2012638E-02          35
   167.1721      8.2012638E-02          36
   168.0050      8.1987455E-02          35
   167.1711      8.1987455E-02          36
   168.0064      8.1962511E-02          35
   167.1701      8.1962511E-02          36
   168.0079      8.1937820E-02          35
   167.1692      8.1937820E-02          36
   168.0095      8.1913374E-02          35
   167.1684      8.1913374E-02          36
   168.0112      8.1889182E-02          35
   167.1676      8.1889182E-02          36
   168.0129      8.1865251E-02          35
   167.1668      8.1865251E-02          36
   168.0147      8.1841581E-02          35
   167.1662      8.1841581E-02          36
   168.0165      8.1818171E-02          35
   167.1655      8.1818171E-02          36
   168.0185      8.1795022E-02          35
   167.1650      8.1795022E-02          36
   168.0205      8.1772141E-02          35
   167.1645      8.1772141E-02          36
   168.0225      8.1749521E-02          35
   167.1640      8.1749521E-02          36
   168.0247      8.1727177E-02          35
   167.1636      8.1727177E-02          36
   168.0269      8.1705101E-02          35
   167.1633      8.1705101E-02          36
   168.0291      8.1683308E-02          35
   167.1630      8.1683308E-02          36
   168.0315      8.1661783E-02          35
   167.1628      8.1661783E-02          36
   168.0339      8.1640542E-02          35
   167.1627      8.1640542E-02          36
   168.0364      8.1619576E-02          35
   167.1626      8.1619576E-02          36
   168.0389      8.1598893E-02          35
   167.1625      8.1598893E-02          36
   168.0415      8.1578508E-02          35
   167.1625      8.1578508E-02          36
   168.0442      8.1558406E-02          35
   167.1626      8.1558406E-02          36
   168.0470      8.1538603E-02          35
   167.1627      8.1538603E-02          36
   168.0498      8.1519090E-02          35
   167.1629      8.1519090E-02          36
   168.0527      8.1499875E-02          35
   167.1632      8.1499875E-02          36
   168.0557      8.1480950E-02          35
   167.1635      8.1480950E-02          36
   168.0587      8.1462331E-02          35
   167.1639      8.1462331E-02          36
   168.0619      8.1444018E-02          35
   167.1644      8.1444018E-02          36
   168.0650      8.1426010E-02          35
   167.1650      8.1426010E-02          36
   168.0683      8.1408307E-02          35
   167.1657      8.1408307E-02          36
   168.0717      8.1390917E-02          35
   167.1664      8.1390917E-02          36
   168.0751      8.1373848E-02          35
   167.1673      8.1373848E-02          36
   168.0785      8.1357092E-02          35
   167.1682      8.1357092E-02          36
   168.0821      8.1340656E-02          35
   167.1692      8.1340656E-02          36
   168.0857      8.1324548E-02          35
   167.1703      8.1324548E-02          36
   168.0894      8.1308760E-02          35
   167.1715      8.1308760E-02          36
   167.1728      8.1293300E-02          36
   168.0971      8.1384681E-02          35
   167.1742      8.1384681E-02          36
   168.1014      8.1369087E-02          35
   167.1758      8.1369087E-02          36
   167.1775      8.1353858E-02          36
   167.1793      8.1338689E-02          36
   167.1812      8.1323579E-02          36
   167.1832      8.1308521E-02          36
   167.1853      8.1293531E-02          36
   167.1876      8.1278600E-02          36
   167.1900      8.1263736E-02          36
   167.1925      8.1248932E-02          36
   167.1952      8.1234202E-02          36
   167.1980      8.1219539E-02          36
   167.2009      8.1204943E-02          36
   167.2040      8.1190422E-02          36
   167.2072      8.1175976E-02          36
   167.2106      8.1161603E-02          36
   167.2142      8.1147313E-02          36
   167.2179      8.1133112E-02          36
   167.2217      8.1118993E-02          36
   167.2258      8.1104964E-02          36
   167.2299      8.1091024E-02          36
   167.2343      8.1077173E-02          36
   167.2388      8.1063420E-02          36
   167.2436      8.1049763E-02          36
   167.2484      8.1036210E-02          36
   167.2535      8.1022754E-02          36
   167.2587      8.1009410E-02          36
   167.2642      8.0996171E-02          36
   167.2698      8.0983043E-02          36
   167.2755      8.0970034E-02          36
   167.2815      8.0957137E-02          36
   167.2877      8.0944359E-02          36
   167.2940      8.0931701E-02          36
   167.3005      8.0919176E-02          36
   167.3072      8.0906771E-02          36
   167.3141      8.0894500E-02          36
   167.3212      8.0882356E-02          36
   167.3285      8.0870353E-02          36
   167.3360      8.0858484E-02          36
   167.3437      8.0846764E-02          36
   167.3515      8.0835178E-02          36
   167.3596      8.0823749E-02          36
   167.3678      8.0812469E-02          36
   167.3763      8.0801338E-02          36
   167.3849      8.0790363E-02          36
   167.3938      8.0779552E-02          36
   167.4028      8.0768906E-02          36
   167.4121      8.0758423E-02          36
   167.4215      8.0748111E-02          36
   167.4312      8.0737971E-02          36
