 TGO          PCO2         PALB      FH2O              FTIR(1)         FTSO(1)
 150.0   1.000E-05  0.2573   1.00000E-40          26.163         252.530    109.6
 160.0   1.000E-05  0.2573   1.00000E-40          34.015         252.527    117.0
 170.0   1.000E-05  0.2573   1.00000E-40          43.463         252.530    124.4
 180.0   1.000E-05  0.2572   1.00000E-40          54.729         252.535    131.8
 190.0   1.000E-05  0.2572   1.00000E-40          68.046         252.539    139.2
 200.0   1.000E-05  0.2572   1.00000E-40          83.658         252.543    146.5
 210.0   1.000E-05  0.2572   1.00000E-40         101.828         252.547    153.9
 220.0   1.000E-05  0.2572   1.00000E-40         122.840         252.550    161.3
 230.0   1.000E-05  0.2572   1.00000E-40         146.978         252.554    168.7
 240.0   1.000E-05  0.2572   1.00000E-40         174.536         252.557    176.1
 250.0   1.000E-05  0.2572   1.00000E-40         205.820         252.560    183.5
 260.0   1.000E-05  0.2572   1.00000E-40         241.151         252.563    190.9
 270.0   1.000E-05  0.2572   1.00000E-40         280.880         252.566    198.3
 280.0   1.000E-05  0.2571   1.00000E-40         325.347         252.569    205.8
 290.0   1.000E-05  0.2571   1.00000E-40         374.916         252.572    213.2
 300.0   1.000E-05  0.2571   1.00000E-40         429.950         252.574    220.6
 310.0   1.000E-05  0.2571   1.00000E-40         490.826         252.577    228.0
 320.0   1.000E-05  0.2571   1.00000E-40         557.935         252.580    235.5
 330.0   1.000E-05  0.2571   1.00000E-40         631.681         252.582    242.9
 340.0   1.000E-05  0.2571   1.00000E-40         712.485         252.586    250.3
 350.0   1.000E-05  0.2571   1.00000E-40         800.779         252.589    257.7
 360.0   1.000E-05  0.2571   1.00000E-40         897.038         252.593    265.2
 370.0   1.000E-05  0.2571   1.00000E-40        1001.658         252.597    272.6
 380.0   1.000E-05  0.2571   1.00000E-40        1115.101         252.601    280.0
 390.0   1.000E-05  0.2570   1.00000E-40        1237.825         252.605    287.4
 150.0   1.000E-04  0.2563   1.00000E-40         100.832         252.873    153.5
 160.0   1.000E-04  0.2564   1.00000E-40          36.044         252.836    118.7
 170.0   1.000E-04  0.2563   1.00000E-40          42.590         252.853    123.8
 180.0   1.000E-04  0.2563   1.00000E-40          53.433         252.858    131.0
 190.0   1.000E-04  0.2563   1.00000E-40          66.270         252.859    138.2
 200.0   1.000E-04  0.2563   1.00000E-40          81.279         252.859    145.5
 210.0   1.000E-04  0.2563   1.00000E-40          98.708         252.858    152.7
 220.0   1.000E-04  0.2563   1.00000E-40         118.819         252.857    160.0
 230.0   1.000E-04  0.2563   1.00000E-40         141.878         252.856    167.2
 240.0   1.000E-04  0.2563   1.00000E-40         168.192         252.855    174.5
 250.0   1.000E-04  0.2563   1.00000E-40         198.064         252.854    181.8
 260.0   1.000E-04  0.2563   1.00000E-40         231.813         252.854    189.0
 270.0   1.000E-04  0.2563   1.00000E-40         269.783         252.855    196.4
 280.0   1.000E-04  0.2563   1.00000E-40         312.331         252.857    203.7
 290.0   1.000E-04  0.2563   1.00000E-40         359.837         252.860    211.0
 300.0   1.000E-04  0.2563   1.00000E-40         412.675         252.864    218.4
 310.0   1.000E-04  0.2563   1.00000E-40         471.185         252.871    225.7
 320.0   1.000E-04  0.2562   1.00000E-40         535.760         252.879    233.1
 330.0   1.000E-04  0.2562   1.00000E-40         606.801         252.891    240.5
 340.0   1.000E-04  0.2562   1.00000E-40         684.711         252.905    247.8
 350.0   1.000E-04  0.2561   1.00000E-40         769.918         252.922    255.2
 360.0   1.000E-04  0.2561   1.00000E-40         862.934         252.941    262.6
 370.0   1.000E-04  0.2560   1.00000E-40         964.120         252.960    270.0
 380.0   1.000E-04  0.2559   1.00000E-40        1073.860         252.979    277.4
 390.0   1.000E-04  0.2559   1.00000E-40        1192.574         252.997    284.7
 150.0   1.000E-03  0.2543   1.00000E-40         120.153         253.529    160.4
 160.0   1.000E-03  0.2548   1.00000E-40          37.069         253.353    119.5
 170.0   1.000E-03  0.2549   1.00000E-40          41.174         253.340    122.7
 180.0   1.000E-03  0.2548   1.00000E-40          51.231         253.361    129.6
 190.0   1.000E-03  0.2548   1.00000E-40          63.228         253.372    136.6
 200.0   1.000E-03  0.2548   1.00000E-40          77.425         253.371    143.7
 210.0   1.000E-03  0.2548   1.00000E-40          93.931         253.372    150.8
 220.0   1.000E-03  0.2548   1.00000E-40         112.998         253.374    158.0
 230.0   1.000E-03  0.2548   1.00000E-40         134.833         253.378    165.1
 240.0   1.000E-03  0.2547   1.00000E-40         159.775         253.385    172.3
 250.0   1.000E-03  0.2547   1.00000E-40         188.118         253.394    179.4
 260.0   1.000E-03  0.2547   1.00000E-40         220.171         253.406    186.6
 270.0   1.000E-03  0.2546   1.00000E-40         256.267         253.421    193.8
 280.0   1.000E-03  0.2546   1.00000E-40         296.756         253.439    201.1
 290.0   1.000E-03  0.2545   1.00000E-40         341.968         253.460    208.3
 300.0   1.000E-03  0.2545   1.00000E-40         392.286         253.483    215.6
 310.0   1.000E-03  0.2544   1.00000E-40         448.009         253.507    222.9
 320.0   1.000E-03  0.2543   1.00000E-40         509.487         253.532    230.2
 330.0   1.000E-03  0.2542   1.00000E-40         577.074         253.556    237.5
 340.0   1.000E-03  0.2542   1.00000E-40         651.113         253.579    244.7
 350.0   1.000E-03  0.2541   1.00000E-40         731.973         253.600    252.0
 360.0   1.000E-03  0.2541   1.00000E-40         820.043         253.619    259.3
 370.0   1.000E-03  0.2540   1.00000E-40         915.795         253.636    266.5
 380.0   1.000E-03  0.2540   1.00000E-40        1019.482         253.652    273.8
 390.0   1.000E-03  0.2539   1.00000E-40        1131.468         253.668    281.0
 150.0   1.000E-02  0.2516   1.00000E-40         150.089         254.463    169.6
 160.0   1.000E-02  0.2528   1.00000E-40          39.886         254.043    121.8
 170.0   1.000E-02  0.2531   1.00000E-40          40.015         253.935    121.9
 180.0   1.000E-02  0.2530   1.00000E-40          49.304         253.991    128.4
 190.0   1.000E-02  0.2529   1.00000E-40          60.333         254.029    135.0
 200.0   1.000E-02  0.2528   1.00000E-40          73.250         254.062    141.7
 210.0   1.000E-02  0.2527   1.00000E-40          88.502         254.091    148.6
 220.0   1.000E-02  0.2526   1.00000E-40         106.417         254.118    155.6
 230.0   1.000E-02  0.2525   1.00000E-40         126.930         254.150    162.6
 240.0   1.000E-02  0.2524   1.00000E-40         150.330         254.185    169.6
 250.0   1.000E-02  0.2523   1.00000E-40         176.881         254.219    176.7
 260.0   1.000E-02  0.2522   1.00000E-40         206.829         254.254    183.7
 270.0   1.000E-02  0.2521   1.00000E-40         240.422         254.288    190.8
 280.0   1.000E-02  0.2520   1.00000E-40         277.923         254.322    197.8
 290.0   1.000E-02  0.2519   1.00000E-40         319.573         254.357    204.8
 300.0   1.000E-02  0.2518   1.00000E-40         365.638         254.394    211.9
 310.0   1.000E-02  0.2517   1.00000E-40         416.374         254.431    218.9
 320.0   1.000E-02  0.2516   1.00000E-40         472.074         254.466    225.8
 330.0   1.000E-02  0.2515   1.00000E-40         533.054         254.501    232.8
 340.0   1.000E-02  0.2514   1.00000E-40         599.612         254.535    239.8
 350.0   1.000E-02  0.2513   1.00000E-40         672.052         254.569    246.7
 360.0   1.000E-02  0.2512   1.00000E-40         750.654         254.601    253.6
 370.0   1.000E-02  0.2511   1.00000E-40         835.804         254.633    260.5
 380.0   1.000E-02  0.2510   1.00000E-40         927.858         254.663    267.4
 390.0   1.000E-02  0.2509   1.00000E-40        1027.026         254.692    274.3
 150.0   1.000E-01  0.2527   1.00000E-40         189.036         254.080    179.7
 160.0   1.000E-01  0.2541   1.00000E-40          46.301         253.593    126.4
 170.0   1.000E-01  0.2533   1.00000E-40          39.687         253.863    121.6
 180.0   1.000E-01  0.2534   1.00000E-40          47.288         253.848    127.1
 190.0   1.000E-01  0.2535   1.00000E-40          56.508         253.824    132.8
 200.0   1.000E-01  0.2535   1.00000E-40          67.401         253.804    138.8
 210.0   1.000E-01  0.2536   1.00000E-40          80.160         253.785    145.0
 220.0   1.000E-01  0.2536   1.00000E-40          94.962         253.767    151.2
 230.0   1.000E-01  0.2537   1.00000E-40         111.919         253.738    157.6
 240.0   1.000E-01  0.2537   1.00000E-40         131.343         253.742    164.0
 250.0   1.000E-01  0.2536   1.00000E-40         153.452         253.786    170.5
 260.0   1.000E-01  0.2534   1.00000E-40         178.165         253.830    177.0
 270.0   1.000E-01  0.2533   1.00000E-40         205.656         253.874    183.5
 280.0   1.000E-01  0.2532   1.00000E-40         236.125         253.919    189.9
 290.0   1.000E-01  0.2530   1.00000E-40         269.772         253.966    196.4
 300.0   1.000E-01  0.2529   1.00000E-40         306.794         254.016    202.8
 310.0   1.000E-01  0.2527   1.00000E-40         347.341         254.067    209.2
 320.0   1.000E-01  0.2526   1.00000E-40         391.705         254.121    215.5
 330.0   1.000E-01  0.2524   1.00000E-40         440.278         254.176    221.9
 340.0   1.000E-01  0.2523   1.00000E-40         493.378         254.234    228.3
 350.0   1.000E-01  0.2521   1.00000E-40         551.322         254.294    234.8
 360.0   1.000E-01  0.2519   1.00000E-40         614.404         254.357    241.2
 370.0   1.000E-01  0.2517   1.00000E-40         682.959         254.421    247.7
 380.0   1.000E-01  0.2515   1.00000E-40         757.341         254.486    254.2
 390.0   1.000E-01  0.2513   1.00000E-40         837.983         254.553    260.7
 150.0   1.000E+00  0.2909   1.00000E-40         207.997         241.080    184.0
 160.0   1.000E+00  0.2937   1.00000E-40          56.056         240.156    132.6
 170.0   1.000E+00  0.2740   1.00000E-40          38.992         246.854    121.1
 180.0   1.000E+00  0.2772   1.00000E-40          46.806         245.746    126.7
 190.0   1.000E+00  0.2894   1.00000E-40          54.946         241.590    131.9
 200.0   1.000E+00  0.2921   1.00000E-40          60.791         240.671    135.3
 210.0   1.000E+00  0.2922   1.00000E-40          67.636         240.652    138.9
 220.0   1.000E+00  0.2922   1.00000E-40          75.952         240.657    143.0
 230.0   1.000E+00  0.2922   1.00000E-40          85.713         240.655    147.4
 240.0   1.000E+00  0.2921   1.00000E-40          96.962         240.671    152.0
 250.0   1.000E+00  0.2919   1.00000E-40         109.798         240.737    156.8
 260.0   1.000E+00  0.2917   1.00000E-40         124.279         240.808    161.8
 270.0   1.000E+00  0.2916   1.00000E-40         140.488         240.858    166.8
 280.0   1.000E+00  0.2914   1.00000E-40         158.664         240.929    172.0
 290.0   1.000E+00  0.2913   1.00000E-40         178.867         240.969    177.2
 300.0   1.000E+00  0.2909   1.00000E-40         201.451         241.082    182.5
 310.0   1.000E+00  0.2906   1.00000E-40         226.157         241.195    187.9
 320.0   1.000E+00  0.2903   1.00000E-40         253.155         241.306    193.3
 330.0   1.000E+00  0.2899   1.00000E-40         282.677         241.416    198.7
 340.0   1.000E+00  0.2896   1.00000E-40         314.979         241.528    204.1
 350.0   1.000E+00  0.2893   1.00000E-40         350.201         241.641    209.6
 360.0   1.000E+00  0.2890   1.00000E-40         388.744         241.754    215.1
 370.0   1.000E+00  0.2886   1.00000E-40         430.984         241.866    220.8
 380.0   1.000E+00  0.2883   1.00000E-40         477.235         241.977    226.5
 390.0   1.000E+00  0.2880   1.00000E-40         527.813         242.089    232.2
 150.0   2.000E+00  0.3248   1.00000E-40         143.041         229.568    167.6
 160.0   2.000E+00  0.3270   1.00000E-40          42.965         228.814    124.0
 170.0   2.000E+00  0.2932   1.00000E-40          37.405         240.305    119.8
 180.0   2.000E+00  0.2947   1.00000E-40          45.438         239.813    125.8
 190.0   2.000E+00  0.3033   1.00000E-40          53.452         236.865    131.0
 200.0   2.000E+00  0.3227   1.00000E-40          61.203         230.286    135.5
 210.0   2.000E+00  0.3248   1.00000E-40          65.455         229.561    137.8
 220.0   2.000E+00  0.3251   1.00000E-40          70.625         229.458    140.5
 230.0   2.000E+00  0.3251   1.00000E-40          77.012         229.460    143.5
 240.0   2.000E+00  0.3249   1.00000E-40          84.655         229.543    147.0
 250.0   2.000E+00  0.3247   1.00000E-40          93.549         229.591    150.7
 260.0   2.000E+00  0.3245   1.00000E-40         103.810         229.680    154.7
 270.0   2.000E+00  0.3242   1.00000E-40         115.482         229.755    158.8
 280.0   2.000E+00  0.3241   1.00000E-40         128.642         229.795    163.2
 290.0   2.000E+00  0.3239   1.00000E-40         143.546         229.879    167.7
 300.0   2.000E+00  0.3234   1.00000E-40         160.512         230.051    172.5
 310.0   2.000E+00  0.3233   1.00000E-40         179.297         230.082    177.3
 320.0   2.000E+00  0.3230   1.00000E-40         200.600         230.174    182.3
 330.0   2.000E+00  0.3227   1.00000E-40         224.484         230.296    187.5
 340.0   2.000E+00  0.3223   1.00000E-40         250.775         230.420    192.8
 350.0   2.000E+00  0.3219   1.00000E-40         279.635         230.547    198.1
 360.0   2.000E+00  0.3215   1.00000E-40         311.268         230.674    203.5
 370.0   2.000E+00  0.3212   1.00000E-40         345.756         230.799    208.9
 380.0   2.000E+00  0.3208   1.00000E-40         383.416         230.924    214.4
 390.0   2.000E+00  0.3204   1.00000E-40         424.570         231.047    219.9
 150.0   3.000E+00  0.3507   1.00000E-40         120.980         220.771    160.7
 160.0   3.000E+00  0.3526   1.00000E-40          37.532         220.114    119.9
 170.0   3.000E+00  0.3098   1.00000E-40          36.106         234.679    118.8
 180.0   3.000E+00  0.3103   1.00000E-40          44.067         234.487    124.8
 190.0   3.000E+00  0.3166   1.00000E-40          52.135         232.346    130.2
 200.0   3.000E+00  0.3327   1.00000E-40          59.739         226.869    134.7
 210.0   3.000E+00  0.3499   1.00000E-40          65.365         221.046    137.8
 220.0   3.000E+00  0.3502   1.00000E-40          68.625         220.938    139.4
 230.0   3.000E+00  0.3504   1.00000E-40          72.889         220.852    141.6
 240.0   3.000E+00  0.3502   1.00000E-40          78.214         220.937    144.1
 250.0   3.000E+00  0.3500   1.00000E-40          84.654         221.014    147.0
 260.0   3.000E+00  0.3500   1.00000E-40          92.224         221.008    150.1
 270.0   3.000E+00  0.3495   1.00000E-40         101.125         221.152    153.6
 280.0   3.000E+00  0.3493   1.00000E-40         111.376         221.251    157.4
 290.0   3.000E+00  0.3491   1.00000E-40         123.055         221.292    161.4
 300.0   3.000E+00  0.3489   1.00000E-40         136.399         221.372    165.6
 310.0   3.000E+00  0.3486   1.00000E-40         151.596         221.469    170.0
 320.0   3.000E+00  0.3481   1.00000E-40         169.025         221.643    174.7
 330.0   3.000E+00  0.3479   1.00000E-40         188.526         221.724    179.5
 340.0   3.000E+00  0.3476   1.00000E-40         210.589         221.808    184.6
 350.0   3.000E+00  0.3472   1.00000E-40         235.495         221.942    189.8
 360.0   3.000E+00  0.3468   1.00000E-40         262.936         222.076    195.1
 370.0   3.000E+00  0.3464   1.00000E-40         293.031         222.207    200.5
 380.0   3.000E+00  0.3461   1.00000E-40         325.937         222.336    205.9
 390.0   3.000E+00  0.3457   1.00000E-40         361.680         222.465    211.3
 150.0   4.000E+00  0.3716   1.00000E-40         106.178         213.665    155.5
 160.0   4.000E+00  0.3247   1.00000E-40          34.940         229.615    117.8
 170.0   4.000E+00  0.3243   1.00000E-40          35.030         229.746    117.9
 180.0   4.000E+00  0.3244   1.00000E-40          42.739         229.717    123.9
 190.0   4.000E+00  0.3290   1.00000E-40          50.932         228.152    129.4
 200.0   4.000E+00  0.3426   1.00000E-40          58.433         223.524    134.0
 210.0   4.000E+00  0.3672   1.00000E-40          65.446         215.136    137.8
 220.0   4.000E+00  0.3709   1.00000E-40          68.003         213.892    139.1
 230.0   4.000E+00  0.3706   1.00000E-40          70.790         214.001    140.5
 240.0   4.000E+00  0.3709   1.00000E-40          74.560         213.909    142.4
 250.0   4.000E+00  0.3709   1.00000E-40          79.281         213.882    144.6
 260.0   4.000E+00  0.3707   1.00000E-40          85.017         213.960    147.1
 270.0   4.000E+00  0.3704   1.00000E-40          91.894         214.057    150.0
 280.0   4.000E+00  0.3702   1.00000E-40         100.006         214.128    153.2
 290.0   4.000E+00  0.3698   1.00000E-40         109.506         214.264    156.7
 300.0   4.000E+00  0.3693   1.00000E-40         120.562         214.433    160.5
 310.0   4.000E+00  0.3691   1.00000E-40         133.178         214.513    164.6
 320.0   4.000E+00  0.3688   1.00000E-40         147.573         214.595    168.9
 330.0   4.000E+00  0.3683   1.00000E-40         164.154         214.760    173.4
 340.0   4.000E+00  0.3679   1.00000E-40         182.908         214.896    178.2
 350.0   4.000E+00  0.3676   1.00000E-40         204.172         215.016    183.1
 360.0   4.000E+00  0.3674   1.00000E-40         228.070         215.098    188.3
 370.0   4.000E+00  0.3670   1.00000E-40         254.842         215.233    193.6
 380.0   4.000E+00  0.3666   1.00000E-40         284.271         215.365    198.9
 390.0   4.000E+00  0.3662   1.00000E-40         316.469         215.496    204.3
 150.0   5.000E+00  0.3891   1.00000E-40          94.709         207.717    151.1
 160.0   5.000E+00  0.3375   1.00000E-40          33.206         225.241    116.3
 170.0   5.000E+00  0.3372   1.00000E-40          34.074         225.367    117.1
 180.0   5.000E+00  0.3370   1.00000E-40          41.535         225.420    123.0
 190.0   5.000E+00  0.3404   1.00000E-40          49.773         224.275    128.7
 200.0   5.000E+00  0.3520   1.00000E-40          57.242         220.336    133.3
 210.0   5.000E+00  0.3741   1.00000E-40          64.205         212.801    137.1
 220.0   5.000E+00  0.3878   1.00000E-40          67.887         208.154    139.1
 230.0   5.000E+00  0.3882   1.00000E-40          69.817         208.019    140.0
 240.0   5.000E+00  0.3876   1.00000E-40          72.407         208.215    141.3
 250.0   5.000E+00  0.3881   1.00000E-40          75.955         208.059    143.0
 260.0   5.000E+00  0.3875   1.00000E-40          80.379         208.240    145.1
 270.0   5.000E+00  0.3874   1.00000E-40          85.843         208.274    147.5
 280.0   5.000E+00  0.3874   1.00000E-40          92.406         208.292    150.2
 290.0   5.000E+00  0.3870   1.00000E-40         100.236         208.404    153.3
 300.0   5.000E+00  0.3866   1.00000E-40         109.470         208.561    156.7
 310.0   5.000E+00  0.3864   1.00000E-40         120.127         208.624    160.4
 320.0   5.000E+00  0.3859   1.00000E-40         132.563         208.799    164.4
 330.0   5.000E+00  0.3857   1.00000E-40         146.649         208.865    168.6
 340.0   5.000E+00  0.3853   1.00000E-40         162.853         209.010    173.1
 350.0   5.000E+00  0.3849   1.00000E-40         181.244         209.134    177.8
 360.0   5.000E+00  0.3844   1.00000E-40         202.273         209.299    182.7
 370.0   5.000E+00  0.3840   1.00000E-40         226.028         209.427    187.9
 380.0   5.000E+00  0.3838   1.00000E-40         252.462         209.518    193.1
 390.0   5.000E+00  0.3834   1.00000E-40         281.724         209.649    198.5
 150.0   1.000E+01  0.4472   1.00000E-40          87.428         187.943    148.2
 160.0   1.000E+01  0.3840   1.00000E-40          31.278         209.436    114.6
 170.0   1.000E+01  0.3840   1.00000E-40          30.831         209.435    114.2
 180.0   1.000E+01  0.3838   1.00000E-40          36.985         209.507    119.5
 190.0   1.000E+01  0.3847   1.00000E-40          44.388         209.200    125.1
 200.0   1.000E+01  0.3904   1.00000E-40          52.255         207.267    130.3
 210.0   1.000E+01  0.4044   1.00000E-40          59.235         202.505    134.4
 220.0   1.000E+01  0.4242   1.00000E-40          64.934         195.763    137.5
 230.0   1.000E+01  0.4427   1.00000E-40          68.946         189.492    139.6
 240.0   1.000E+01  0.4457   1.00000E-40          69.973         188.446    140.1
 250.0   1.000E+01  0.4462   1.00000E-40          70.924         188.289    140.6
 260.0   1.000E+01  0.4463   1.00000E-40          72.374         188.265    141.3
 270.0   1.000E+01  0.4457   1.00000E-40          74.335         188.447    142.3
 280.0   1.000E+01  0.4457   1.00000E-40          77.141         188.456    143.6
 290.0   1.000E+01  0.4453   1.00000E-40          80.727         188.603    145.2
 300.0   1.000E+01  0.4451   1.00000E-40          85.283         188.662    147.2
 310.0   1.000E+01  0.4448   1.00000E-40          90.886         188.773    149.6
 320.0   1.000E+01  0.4444   1.00000E-40          97.647         188.896    152.3
 330.0   1.000E+01  0.4441   1.00000E-40         105.697         189.012    155.3
 340.0   1.000E+01  0.4438   1.00000E-40         115.134         189.111    158.7
 350.0   1.000E+01  0.4433   1.00000E-40         126.230         189.285    162.4
 360.0   1.000E+01  0.4431   1.00000E-40         138.847         189.334    166.3
 370.0   1.000E+01  0.4426   1.00000E-40         153.478         189.507    170.5
 380.0   1.000E+01  0.4424   1.00000E-40         169.946         189.570    174.9
 390.0   1.000E+01  0.4421   1.00000E-40         188.673         189.670    179.6
 150.0   1.500E+01  0.4819   1.00000E-40          58.636         176.151    134.1
 160.0   1.500E+01  0.4188   1.00000E-40          26.212         197.609    109.6
 170.0   1.500E+01  0.4187   1.00000E-40          27.479         197.647    110.9
 180.0   1.500E+01  0.4181   1.00000E-40          33.032         197.838    116.2
 190.0   1.500E+01  0.4177   1.00000E-40          39.817         197.976    121.7
 200.0   1.500E+01  0.4201   1.00000E-40          47.618         197.151    127.3
 210.0   1.500E+01  0.4291   1.00000E-40          55.331         194.122    132.1
 220.0   1.500E+01  0.4436   1.00000E-40          61.254         189.177    135.5
 230.0   1.500E+01  0.4579   1.00000E-40          65.357         184.307    137.8
 240.0   1.500E+01  0.4744   1.00000E-40          69.222         178.691    139.8
 250.0   1.500E+01  0.4810   1.00000E-40          70.922         176.464    140.6
 260.0   1.500E+01  0.4810   1.00000E-40          71.543         176.465    140.9
 270.0   1.500E+01  0.4807   1.00000E-40          72.424         176.553    141.3
 280.0   1.500E+01  0.4808   1.00000E-40          73.875         176.533    142.0
 290.0   1.500E+01  0.4805   1.00000E-40          75.845         176.623    143.0
 300.0   1.500E+01  0.4800   1.00000E-40          78.467         176.807    144.2
 310.0   1.500E+01  0.4800   1.00000E-40          82.023         176.806    145.8
 320.0   1.500E+01  0.4799   1.00000E-40          86.428         176.832    147.7
 330.0   1.500E+01  0.4798   1.00000E-40          91.793         176.867    150.0
 340.0   1.500E+01  0.4794   1.00000E-40          98.261         177.019    152.5
 350.0   1.500E+01  0.4793   1.00000E-40         105.899         177.029    155.4
 360.0   1.500E+01  0.4791   1.00000E-40         114.858         177.115    158.6
 370.0   1.500E+01  0.4789   1.00000E-40         125.250         177.172    162.1
 380.0   1.500E+01  0.4786   1.00000E-40         137.198         177.273    165.8
 390.0   1.500E+01  0.4784   1.00000E-40         150.717         177.334    169.8
 150.0   2.000E+01  0.5063   1.00000E-40          46.853         167.852    126.8
 160.0   2.000E+01  0.4457   1.00000E-40          23.930         188.456    107.2
 170.0   2.000E+01  0.4456   1.00000E-40          25.200         188.488    108.6
 180.0   2.000E+01  0.4451   1.00000E-40          29.703         188.680    113.1
 190.0   2.000E+01  0.4442   1.00000E-40          35.930         188.981    118.6
 200.0   2.000E+01  0.4448   1.00000E-40          43.492         188.771    124.4
 210.0   2.000E+01  0.4503   1.00000E-40          51.858         186.905    130.0
 220.0   2.000E+01  0.4610   1.00000E-40          58.220         183.259    133.8
 230.0   2.000E+01  0.4723   1.00000E-40          62.456         179.411    136.2
 240.0   2.000E+01  0.4859   1.00000E-40          66.414         174.789    138.3
 250.0   2.000E+01  0.5009   1.00000E-40          70.184         169.697    140.2
 260.0   2.000E+01  0.5054   1.00000E-40          71.579         168.179    140.9
 270.0   2.000E+01  0.5053   1.00000E-40          72.209         168.194    141.2
 280.0   2.000E+01  0.5054   1.00000E-40          73.153         168.158    141.7
 290.0   2.000E+01  0.5053   1.00000E-40          74.398         168.205    142.3
 300.0   2.000E+01  0.5052   1.00000E-40          76.164         168.224    143.1
 310.0   2.000E+01  0.5050   1.00000E-40          78.512         168.288    144.2
 320.0   2.000E+01  0.5048   1.00000E-40          81.587         168.356    145.6
 330.0   2.000E+01  0.5049   1.00000E-40          85.553         168.339    147.4
 340.0   2.000E+01  0.5046   1.00000E-40          90.296         168.441    149.4
 350.0   2.000E+01  0.5043   1.00000E-40          96.072         168.523    151.7
 360.0   2.000E+01  0.5042   1.00000E-40         102.914         168.573    154.3
 370.0   2.000E+01  0.5042   1.00000E-40         110.864         168.587    157.2
 380.0   2.000E+01  0.5039   1.00000E-40         120.093         168.663    160.4
 390.0   2.000E+01  0.5038   1.00000E-40         130.608         168.698    163.8
 150.0   2.500E+01  0.5249   1.00000E-40          40.607         161.537    122.3
 160.0   2.500E+01  0.4676   1.00000E-40          22.774         181.002    105.8
 170.0   2.500E+01  0.4676   1.00000E-40          23.983         181.030    107.2
 180.0   2.500E+01  0.4671   1.00000E-40          27.529         181.201    111.0
 190.0   2.500E+01  0.4660   1.00000E-40          32.683         181.546    115.8
 200.0   2.500E+01  0.4656   1.00000E-40          39.916         181.691    121.8
 210.0   2.500E+01  0.4687   1.00000E-40          48.486         180.636    127.8
 220.0   2.500E+01  0.4766   1.00000E-40          55.547         177.968    132.3
 230.0   2.500E+01  0.4855   1.00000E-40          59.958         174.924    134.8
 240.0   2.500E+01  0.4968   1.00000E-40          64.029         171.082    137.1
 250.0   2.500E+01  0.5095   1.00000E-40          67.875         166.756    139.1
 260.0   2.500E+01  0.5234   1.00000E-40          71.519         162.040    140.9
 270.0   2.500E+01  0.5242   1.00000E-40          72.189         161.783    141.2
 280.0   2.500E+01  0.5242   1.00000E-40          72.896         161.770    141.6
 290.0   2.500E+01  0.5242   1.00000E-40          73.871         161.777    142.0
 300.0   2.500E+01  0.5238   1.00000E-40          75.046         161.892    142.6
 310.0   2.500E+01  0.5241   1.00000E-40          76.873         161.820    143.5
 320.0   2.500E+01  0.5240   1.00000E-40          79.161         161.840    144.5
 330.0   2.500E+01  0.5239   1.00000E-40          82.109         161.863    145.8
 340.0   2.500E+01  0.5237   1.00000E-40          85.729         161.953    147.4
 350.0   2.500E+01  0.5235   1.00000E-40          90.255         162.004    149.3
 360.0   2.500E+01  0.5234   1.00000E-40          95.693         162.027    151.5
 370.0   2.500E+01  0.5232   1.00000E-40         102.054         162.113    154.0
 380.0   2.500E+01  0.5233   1.00000E-40         109.526         162.079    156.7
 390.0   2.500E+01  0.5230   1.00000E-40         118.071         162.179    159.7
 150.0   3.000E+01  0.5401   1.00000E-40          36.711         156.372    119.3
 160.0   3.000E+01  0.4861   1.00000E-40          22.083         174.727    105.0
 170.0   3.000E+01  0.4860   1.00000E-40          23.404         174.753    106.6
 180.0   3.000E+01  0.4856   1.00000E-40          26.565         174.908    110.0
 190.0   3.000E+01  0.4846   1.00000E-40          30.839         175.251    114.2
 200.0   3.000E+01  0.4836   1.00000E-40          37.372         175.582    119.8
 210.0   3.000E+01  0.4850   1.00000E-40          45.667         175.086    125.9
 220.0   3.000E+01  0.4907   1.00000E-40          53.239         173.171    130.9
 230.0   3.000E+01  0.4978   1.00000E-40          57.893         170.732    133.6
 240.0   3.000E+01  0.5072   1.00000E-40          62.009         167.566    136.0
 250.0   3.000E+01  0.5180   1.00000E-40          65.904         163.872    138.0
 260.0   3.000E+01  0.5301   1.00000E-40          69.601         159.768    139.9
 270.0   3.000E+01  0.5394   1.00000E-40          72.203         156.608    141.2
 280.0   3.000E+01  0.5395   1.00000E-40          72.785         156.566    141.5
 290.0   3.000E+01  0.5394   1.00000E-40          73.515         156.615    141.9
 300.0   3.000E+01  0.5395   1.00000E-40          74.611         156.585    142.4
 310.0   3.000E+01  0.5393   1.00000E-40          75.978         156.629    143.0
 320.0   3.000E+01  0.5393   1.00000E-40          77.781         156.646    143.9
 330.0   3.000E+01  0.5393   1.00000E-40          80.135         156.646    145.0
 340.0   3.000E+01  0.5393   1.00000E-40          83.126         156.649    146.3
 350.0   3.000E+01  0.5390   1.00000E-40          86.678         156.730    147.8
 360.0   3.000E+01  0.5389   1.00000E-40          91.110         156.761    149.7
 370.0   3.000E+01  0.5389   1.00000E-40          96.517         156.760    151.9
 380.0   3.000E+01  0.5388   1.00000E-40         102.699         156.801    154.2
 390.0   3.000E+01  0.5386   1.00000E-40         109.782         156.880    156.8
 150.0   3.500E+01  0.5524   1.00000E-40          34.136         152.171    117.1
 160.0   3.500E+01  0.5020   1.00000E-40          21.561         169.317    104.4
 170.0   3.500E+01  0.5019   1.00000E-40          22.880         169.344    106.0
 180.0   3.500E+01  0.5015   1.00000E-40          25.689         169.489    109.1
 190.0   3.500E+01  0.5005   1.00000E-40          29.090         169.827    112.5
 200.0   3.500E+01  0.4992   1.00000E-40          34.700         170.275    117.6
 210.0   3.500E+01  0.4994   1.00000E-40          42.888         170.201    124.0
 220.0   3.500E+01  0.5032   1.00000E-40          50.809         168.895    129.4
 230.0   3.500E+01  0.5088   1.00000E-40          55.820         166.999    132.4
 240.0   3.500E+01  0.5166   1.00000E-40          60.132         164.360    134.9
 250.0   3.500E+01  0.5259   1.00000E-40          64.113         161.203    137.1
 260.0   3.500E+01  0.5363   1.00000E-40          67.826         157.642    139.0
 270.0   3.500E+01  0.5482   1.00000E-40          71.371         153.602    140.8
 280.0   3.500E+01  0.5518   1.00000E-40          72.616         152.381    141.4
 290.0   3.500E+01  0.5520   1.00000E-40          73.265         152.315    141.7
 300.0   3.500E+01  0.5519   1.00000E-40          74.065         152.359    142.1
 310.0   3.500E+01  0.5520   1.00000E-40          75.307         152.307    142.7
 320.0   3.500E+01  0.5519   1.00000E-40          76.722         152.355    143.4
 330.0   3.500E+01  0.5518   1.00000E-40          78.582         152.377    144.3
 340.0   3.500E+01  0.5518   1.00000E-40          81.009         152.371    145.4
 350.0   3.500E+01  0.5517   1.00000E-40          83.931         152.409    146.6
 360.0   3.500E+01  0.5517   1.00000E-40          87.606         152.419    148.2
 370.0   3.500E+01  0.5515   1.00000E-40          91.921         152.473    150.0
 380.0   3.500E+01  0.5514   1.00000E-40          97.085         152.531    152.1
 390.0   3.500E+01  0.5514   1.00000E-40         103.183         152.524    154.4
 150.0   5.000E+01  0.5802   1.00000E-40          32.085         142.721    115.3
 160.0   5.000E+01  0.5396   1.00000E-40          20.907         156.548    103.6
 170.0   5.000E+01  0.5395   1.00000E-40          22.022         156.581    105.0
 180.0   5.000E+01  0.5391   1.00000E-40          24.458         156.721    107.7
 190.0   5.000E+01  0.5381   1.00000E-40          26.905         157.041    110.3
 200.0   5.000E+01  0.5364   1.00000E-40          29.994         157.608    113.4
 210.0   5.000E+01  0.5347   1.00000E-40          36.345         158.208    119.0
 220.0   5.000E+01  0.5349   1.00000E-40          44.226         158.120    124.9
 230.0   5.000E+01  0.5372   1.00000E-40          50.131         157.350    128.9
 240.0   5.000E+01  0.5414   1.00000E-40          55.301         155.928    132.1
 250.0   5.000E+01  0.5470   1.00000E-40          59.559         154.020    134.6
 260.0   5.000E+01  0.5538   1.00000E-40          63.384         151.693    136.7
 270.0   5.000E+01  0.5621   1.00000E-40          66.954         148.893    138.6
 280.0   5.000E+01  0.5718   1.00000E-40          70.405         145.588    140.3
 290.0   5.000E+01  0.5799   1.00000E-40          72.982         142.837    141.6
 300.0   5.000E+01  0.5800   1.00000E-40          73.359         142.814    141.8
 310.0   5.000E+01  0.5800   1.00000E-40          73.979         142.790    142.1
 320.0   5.000E+01  0.5800   1.00000E-40          74.781         142.803    142.5
 330.0   5.000E+01  0.5800   1.00000E-40          75.895         142.816    143.0
 340.0   5.000E+01  0.5798   1.00000E-40          77.293         142.855    143.7
 350.0   5.000E+01  0.5799   1.00000E-40          79.189         142.844    144.5
 360.0   5.000E+01  0.5798   1.00000E-40          81.453         142.858    145.6
 370.0   5.000E+01  0.5797   1.00000E-40          84.131         142.886    146.7
 380.0   5.000E+01  0.5796   1.00000E-40          87.375         142.920    148.1
 390.0   5.000E+01  0.5796   1.00000E-40          91.344         142.925    149.8
 150.0   1.000E+02  0.6258   1.00000E-40          28.406         127.244    111.9
 160.0   1.000E+02  0.6133   1.00000E-40          19.903         131.473    102.3
 170.0   1.000E+02  0.6131   1.00000E-40          20.904         131.544    103.6
 180.0   1.000E+02  0.6126   1.00000E-40          22.990         131.723    106.1
 190.0   1.000E+02  0.6116   1.00000E-40          24.922         132.061    108.3
 200.0   1.000E+02  0.6098   1.00000E-40          26.462         132.668    109.9
 210.0   1.000E+02  0.6068   1.00000E-40          27.871         133.698    111.3
 220.0   1.000E+02  0.6032   1.00000E-40          30.322         134.899    113.7
 230.0   1.000E+02  0.6008   1.00000E-40          34.758         135.744    117.6
 240.0   1.000E+02  0.5991   1.00000E-40          40.654         136.306    122.3
 250.0   1.000E+02  0.5983   1.00000E-40          46.685         136.562    126.6
 260.0   1.000E+02  0.5986   1.00000E-40          52.038         136.473    130.1
 270.0   1.000E+02  0.6001   1.00000E-40          56.433         135.959    132.8
 280.0   1.000E+02  0.6029   1.00000E-40          59.988         135.020    134.8
 290.0   1.000E+02  0.6067   1.00000E-40          63.113         133.707    136.6
 300.0   1.000E+02  0.6109   1.00000E-40          65.762         132.279    138.0
 310.0   1.000E+02  0.6214   1.00000E-40          72.528         128.727    141.4
 320.0   1.000E+02  0.6259   1.00000E-40          74.223         127.210    142.2
 330.0   1.000E+02  0.6256   1.00000E-40          73.851         127.295    142.0
 340.0   1.000E+02  0.6258   1.00000E-40          74.336         127.237    142.3
 350.0   1.000E+02  0.6258   1.00000E-40          74.865         127.238    142.5
 360.0   1.000E+02  0.6258   1.00000E-40          75.605         127.244    142.9
 370.0   1.000E+02  0.6257   1.00000E-40          76.504         127.266    143.3
 380.0   1.000E+02  0.6257   1.00000E-40          77.844         127.267    143.9
 390.0   1.000E+02  0.6256   1.00000E-40          79.445         127.284    144.6
